! 30S energy loss (dE/dX) in He
! apply ZOOM for details
Energy (MeV/u)1	0 - [He-base] F.Hubert et al, AD&ND Tables 46(1990)1	Energy (MeV/u)2	1 - [H -base] J.F.Ziegler et al,Pergamon Press,NY(low energy)	Energy (MeV/u)3	2 - ATIMA 1.2 LS-theory (recommended for high energy)	Energy (MeV/u)4	3 - ATIMA 1.2 without LS-correction	Energy (MeV/u)5	4 - ATIMA 1.4 H.Weick, improved mean charge formula for HI	Energy (MeV/u)6	5 - electrical component of [1] - J.F.Ziegler et al	Energy (MeV/u)7	6 - nuclear component of [1] - J.F.Ziegler et al	
0.001000	5.83979e-05	0.001000	6.30474e-05	0.001000	6.26421e-05	0.001000	6.26421e-05	0.001000	6.2646e-05	0.001000	1.68241e-05	0.001000	4.62233e-05	
0.002000	5.92468e-05	0.002000	5.90681e-05	0.002000	6.0469e-05	0.002000	6.0469e-05	0.002000	6.04716e-05	0.002000	2.18181e-05	0.002000	3.72499e-05	
0.005000	6.27508e-05	0.005000	5.52115e-05	0.005000	6.1159e-05	0.005000	6.1159e-05	0.005000	6.11604e-05	0.005000	3.07642e-05	0.005000	2.44473e-05	
0.008000	6.70152e-05	0.008000	5.54333e-05	0.008000	6.51766e-05	0.008000	6.51766e-05	0.008000	6.51775e-05	0.008000	3.66936e-05	0.008000	1.87397e-05	
0.010000	6.98268e-05	0.010000	5.62534e-05	0.010000	6.82751e-05	0.010000	6.82751e-05	0.010000	6.82759e-05	0.010000	3.98962e-05	0.010000	1.63572e-05	
0.015000	7.92963e-05	0.015000	5.90481e-05	0.015000	7.61862e-05	0.015000	7.61862e-05	0.015000	7.61868e-05	0.015000	4.64479e-05	0.015000	1.26003e-05	
0.020000	8.79271e-05	0.020000	6.21097e-05	0.020000	8.37934e-05	0.020000	8.37934e-05	0.020000	8.37939e-05	0.020000	5.1739e-05	0.020000	1.03707e-05	
0.025000	9.80705e-05	0.025000	6.56074e-05	0.025000	9.09748e-05	0.025000	9.09748e-05	0.025000	9.09752e-05	0.025000	5.67334e-05	0.025000	8.87398e-06	
0.030000	0.000107177	0.030000	7.78547e-05	0.030000	9.9722e-05	0.030000	9.9722e-05	0.030000	9.97224e-05	0.030000	7.01348e-05	0.030000	7.71994e-06	
0.035000	0.000115209	0.035000	8.98277e-05	0.035000	0.000108582	0.035000	0.000108582	0.035000	0.000108582	0.035000	8.29241e-05	0.035000	6.90368e-06	
0.040000	0.000122268	0.040000	0.00010112	0.040000	0.000117417	0.040000	0.000117417	0.040000	0.000117417	0.040000	9.48618e-05	0.040000	6.25794e-06	
0.045000	0.000128125	0.045000	0.000111678	0.045000	0.000126186	0.045000	0.000126186	0.045000	0.000126187	0.045000	0.000105945	0.045000	5.73292e-06	
0.050000	0.00013269	0.050000	0.000121727	0.050000	0.000134861	0.050000	0.000134861	0.050000	0.000134861	0.050000	0.000116431	0.050000	5.29674e-06	
0.055000	0.000140173	0.055000	0.000131586	0.055000	0.000143413	0.055000	0.000143413	0.055000	0.000143414	0.055000	0.000126658	0.055000	4.92798e-06	
0.060000	0.000146895	0.060000	0.000141041	0.060000	0.000151824	0.060000	0.000151824	0.060000	0.000151824	0.060000	0.000136429	0.060000	4.61167e-06	
0.070000	0.000158146	0.070000	0.000159002	0.070000	0.000168146	0.070000	0.000168146	0.070000	0.000168147	0.070000	0.000154906	0.070000	4.09616e-06	
0.080000	0.000170123	0.080000	0.000175895	0.080000	0.000183713	0.080000	0.000183713	0.080000	0.000183713	0.080000	0.000172202	0.080000	3.69274e-06	
0.090000	0.000180232	0.090000	0.000191771	0.090000	0.000198443	0.090000	0.000198443	0.090000	0.000198444	0.090000	0.000188403	0.090000	3.3676e-06	
0.100000	0.000188647	0.100000	0.000206616	0.100000	0.000212286	0.100000	0.000212286	0.100000	0.000212286	0.100000	0.000203517	0.100000	3.09939e-06	
0.120000	0.000197393	0.120000	0.000232467	0.120000	0.000237221	0.120000	0.000237221	0.120000	0.000237222	0.120000	0.000229785	0.120000	2.68169e-06	
0.140000	0.000203961	0.140000	0.000254226	0.140000	0.000258526	0.140000	0.000258526	0.140000	0.000258526	0.140000	0.000251855	0.140000	2.37024e-06	
0.160000	0.000209762	0.160000	0.000272725	0.160000	0.000276417	0.160000	0.000276417	0.160000	0.000276417	0.160000	0.000270597	0.160000	2.12826e-06	
0.180000	0.000215454	0.180000	0.000288449	0.180000	0.000291233	0.180000	0.000291233	0.180000	0.000291233	0.180000	0.000286515	0.180000	1.93437e-06	
0.200000	0.000222531	0.200000	0.000301847	0.200000	0.000303361	0.200000	0.000303361	0.200000	0.000303361	0.200000	0.000300071	0.200000	1.77521e-06	
0.250000	0.000236239	0.250000	0.000337052	0.250000	0.000324436	0.250000	0.000324436	0.250000	0.000324436	0.250000	0.000335574	0.250000	1.47824e-06	
0.300000	0.000247757	0.300000	0.000361295	0.300000	0.000336349	0.300000	0.000336349	0.300000	0.000336349	0.300000	0.000360023	0.300000	1.27141e-06	
0.350000	0.000257397	0.350000	0.000377609	0.350000	0.000342779	0.350000	0.000342779	0.350000	0.000342779	0.350000	0.000376491	0.350000	1.11844e-06	
0.400000	0.00027073	0.400000	0.000395772	0.400000	0.000346971	0.400000	0.000346971	0.400000	0.000346971	0.400000	0.000394772	0.400000	1.00036e-06	
0.450000	0.000281523	0.450000	0.000410712	0.450000	0.00035846	0.450000	0.00035846	0.450000	0.00035846	0.450000	0.000409806	0.450000	9.06239e-07	
0.500000	0.000290163	0.500000	0.000421565	0.500000	0.000366887	0.500000	0.000366887	0.500000	0.000366887	0.500000	0.000420735	0.500000	8.29326e-07	
0.600000	0.000292214	0.600000	0.000434617	0.600000	0.000377697	0.600000	0.000377697	0.600000	0.000377697	0.600000	0.000433906	0.600000	7.10878e-07	
0.700000	0.000284094	0.700000	0.000432775	0.700000	0.000376352	0.700000	0.000376352	0.700000	0.000376352	0.700000	0.000432152	0.700000	6.23653e-07	
0.800000	0.0002847 	0.800000	0.00042707	0.800000	0.000372495	0.800000	0.000372495	0.800000	0.000372495	0.800000	0.000426514	0.800000	5.56557e-07	
0.900000	0.000283861	0.900000	0.000420059	0.900000	0.000368036	0.900000	0.000368036	0.900000	0.000368036	0.900000	0.000419556	0.900000	5.03233e-07	
1.000000	0.000282026	1.000000	0.000412365	1.000000	0.000363221	1.000000	0.000363221	1.000000	0.000363222	1.000000	0.000411905	1.000000	4.59765e-07	
1.250000	0.000272718	1.250000	0.000389848	1.250000	0.000346229	1.250000	0.000346229	1.250000	0.00034623	1.250000	0.000389469	1.250000	3.79428e-07	
1.500000	0.00026188	1.500000	0.000368062	1.500000	0.000330886	1.500000	0.000330886	1.500000	0.000330886	1.500000	0.000367738	1.500000	3.24099e-07	
1.750000	0.000251142	1.750000	0.000348439	1.750000	0.000317168	1.750000	0.000317168	1.750000	0.000317168	1.750000	0.000348155	1.750000	2.83531e-07	
2.000000	0.000240089	2.000000	0.000329748	2.000000	0.000304652	2.000000	0.000304652	2.000000	0.000304652	2.000000	0.000329495	2.000000	2.52434e-07	
2.250000	0.000230521	2.250000	0.000313574	2.250000	0.000293119	2.250000	0.000293119	2.250000	0.000293119	2.250000	0.000313346	2.250000	2.27792e-07	
2.500000	0.000247996	2.500000	0.000299415	2.500000	0.000282434	2.500000	0.000282434	2.500000	0.000282434	2.500000	0.000299208	2.500000	2.07755e-07	
3.000000	0.000229253	3.000000	0.000275285	3.000000	0.000263235	3.000000	0.000263235	3.000000	0.000263236	3.000000	0.000275108	3.000000	1.77084e-07	
3.500000	0.000212988	3.500000	0.000255244	3.500000	0.000246472	3.500000	0.000246472	3.500000	0.000246472	3.500000	0.000255089	3.500000	1.54652e-07	
4.000000	0.000198864	4.000000	0.000238121	4.000000	0.000231716	4.000000	0.000231716	4.000000	0.000231717	4.000000	0.000237983	4.000000	1.37492e-07	
4.500000	0.000186533	4.500000	0.000223231	4.500000	0.000218634	4.500000	0.000218634	4.500000	0.000218634	4.500000	0.000223107	4.500000	1.23919e-07	
5.000000	0.000175696	5.000000	0.0002101 	5.000000	0.00020696	5.000000	0.00020696	5.000000	0.00020696	5.000000	0.000209987	5.000000	1.12898e-07	
5.500000	0.000166108	5.500000	0.000198498	5.500000	0.000196479	5.500000	0.000196479	5.500000	0.000196479	5.500000	0.000198394	5.500000	1.03762e-07	
6.000000	0.000157568	6.000000	0.000188153	6.000000	0.000187018	6.000000	0.000187018	6.000000	0.000187018	6.000000	0.000188057	6.000000	9.60588e-08	
6.500000	0.000149915	6.500000	0.000178858	6.500000	0.000178436	6.500000	0.000178436	6.500000	0.000178436	6.500000	0.000178769	6.500000	8.94709e-08	
7.000000	0.000143018	7.000000	0.000170454	7.000000	0.000170614	7.000000	0.000170614	7.000000	0.000170614	7.000000	0.00017037	7.000000	8.3769e-08	
7.500000	0.00013677	7.500000	0.000162808	7.500000	0.000163456	7.500000	0.000163456	7.500000	0.000163456	7.500000	0.000162729	7.500000	7.8783e-08	
8.000000	0.000131083	8.000000	0.000155821	8.000000	0.00015688	8.000000	0.00015688	8.000000	0.00015688	8.000000	0.000155746	8.000000	7.4384e-08	
8.500000	0.000125884	8.500000	0.000149411	8.500000	0.000150818	8.500000	0.000150818	8.500000	0.000150818	8.500000	0.00014934	8.500000	7.04725e-08	
9.000000	0.000121113	9.000000	0.000143508	9.000000	0.000145211	9.000000	0.000145211	9.000000	0.000145211	9.000000	0.000143441	9.000000	6.69706e-08	
9.500000	0.000116717	9.500000	0.000138056	9.500000	0.00014001	9.500000	0.00014001	9.500000	0.00014001	9.500000	0.000137992	9.500000	6.38162e-08	
10.000000	0.000112654	10.000000	0.00012747	10.000000	0.000135171	10.000000	0.000135171	10.000000	0.000135172	10.000000	0.000127409	10.000000	6.09591e-08	
11.000000	0.000105384	11.000000	0.000120398	11.000000	0.000126089	11.000000	0.000126529	11.000000	0.000126542	11.000000	0.000120342	11.000000	5.59812e-08	
12.000000	9.9066e-05	12.000000	0.000114063	12.000000	0.000118201	12.000000	0.000118963	12.000000	0.000118961	12.000000	0.000114011	12.000000	5.17879e-08	
13.000000	9.35215e-05	13.000000	0.000108364	13.000000	0.000111291	13.000000	0.00011229	13.000000	0.000112253	13.000000	0.000108316	13.000000	4.82049e-08	
14.000000	8.86148e-05	14.000000	0.000103216	14.000000	0.000105192	14.000000	0.000106365	14.000000	0.000106284	14.000000	0.000103171	14.000000	4.51061e-08	
15.000000	8.42402e-05	15.000000	9.85458e-05	15.000000	9.97742e-05	15.000000	0.000101072	15.000000	0.000100942	15.000000	9.85034e-05	15.000000	4.23983e-08	
16.000000	8.03145e-05	16.000000	9.42922e-05	16.000000	9.49334e-05	16.000000	9.6319e-05	16.000000	9.6139e-05	16.000000	9.42522e-05	16.000000	4.00109e-08	
17.000000	7.67709e-05	17.000000	9.04034e-05	17.000000	9.05857e-05	17.000000	9.20307e-05	17.000000	9.18019e-05	17.000000	9.03655e-05	17.000000	3.78893e-08	
18.000000	7.35552e-05	18.000000	8.68356e-05	18.000000	8.66609e-05	18.000000	8.81451e-05	18.000000	8.78668e-05	18.000000	8.67996e-05	18.000000	3.5991e-08	
19.000000	7.06234e-05	19.000000	8.35512e-05	19.000000	8.31025e-05	19.000000	8.46108e-05	19.000000	8.42871e-05	19.000000	8.3517e-05	19.000000	3.42819e-08	
20.000000	6.79388e-05	20.000000	8.05185e-05	20.000000	7.98648e-05	20.000000	8.13846e-05	20.000000	8.10209e-05	20.000000	8.04857e-05	20.000000	3.27347e-08	
21.000000	6.54709e-05	21.000000	7.77098e-05	21.000000	7.69093e-05	21.000000	7.84305e-05	21.000000	7.80268e-05	21.000000	7.76785e-05	21.000000	3.13271e-08	
22.000000	6.31942e-05	22.000000	7.51016e-05	22.000000	7.42037e-05	22.000000	7.57176e-05	22.000000	7.52805e-05	22.000000	7.50716e-05	22.000000	3.00407e-08	
23.000000	6.10867e-05	23.000000	7.26733e-05	23.000000	7.172e-05 	23.000000	7.32196e-05	23.000000	7.27513e-05	23.000000	7.26445e-05	23.000000	2.88603e-08	
24.000000	5.91301e-05	24.000000	7.04072e-05	24.000000	6.94336e-05	24.000000	7.09139e-05	24.000000	7.0419e-05	24.000000	7.03794e-05	24.000000	2.77732e-08	
25.000000	5.73085e-05	25.000000	6.82876e-05	25.000000	6.73239e-05	25.000000	6.87809e-05	25.000000	6.82625e-05	25.000000	6.82609e-05	25.000000	2.67685e-08	
27.000000	5.4017e-05	27.000000	6.4435e-05	27.000000	6.35651e-05	27.000000	6.49673e-05	27.000000	6.44121e-05	27.000000	6.441e-05 	27.000000	2.49711e-08	
29.000000	5.11224e-05	29.000000	6.10243e-05	29.000000	6.03242e-05	29.000000	6.16666e-05	29.000000	6.10866e-05	29.000000	6.10009e-05	29.000000	2.34093e-08	
31.000000	4.85559e-05	31.000000	5.7984e-05	31.000000	5.74149e-05	31.000000	5.86328e-05	31.000000	5.80669e-05	31.000000	5.7962e-05	31.000000	2.2039e-08	
33.000000	4.6264e-05	33.000000	5.5257e-05	33.000000	5.4733e-05	33.000000	5.57857e-05	33.000000	5.52651e-05	33.000000	5.52362e-05	33.000000	2.08266e-08	
35.000000	4.42041e-05	35.000000	5.27973e-05	35.000000	5.2311e-05	35.000000	5.3228e-05	35.000000	5.2751e-05	35.000000	5.27776e-05	35.000000	1.97459e-08	
38.000000	4.14764e-05	38.000000	4.95292e-05	38.000000	4.90931e-05	38.000000	4.9844e-05	38.000000	4.94285e-05	38.000000	4.95108e-05	38.000000	1.83278e-08	
41.000000	3.9106e-05	41.000000	4.66802e-05	41.000000	4.62895e-05	41.000000	4.6907e-05	41.000000	4.65474e-05	41.000000	4.66631e-05	41.000000	1.71074e-08	
44.000000	3.7026e-05	44.000000	4.41746e-05	44.000000	4.38225e-05	44.000000	4.43336e-05	44.000000	4.40244e-05	44.000000	4.41586e-05	44.000000	1.60454e-08	
47.000000	3.51851e-05	47.000000	4.19539e-05	47.000000	4.164e-05 	47.000000	4.20599e-05	47.000000	4.1796e-05	47.000000	4.19387e-05	47.000000	1.51125e-08	
50.000000	3.35438e-05	50.000000	3.99719e-05	50.000000	3.96887e-05	50.000000	4.00361e-05	50.000000	3.9813e-05	50.000000	3.99576e-05	50.000000	1.42863e-08	
55.000000	3.11695e-05	55.000000	3.71031e-05	55.000000	3.68629e-05	55.000000	3.71154e-05	55.000000	3.69501e-05	55.000000	3.709e-05 	55.000000	1.31003e-08	
60.000000	2.91557e-05	60.000000	3.46699e-05	60.000000	3.44649e-05	60.000000	3.46458e-05	60.000000	3.4528e-05	60.000000	3.46578e-05	60.000000	1.2103e-08	
65.000000	2.74248e-05	65.000000	3.25798e-05	65.000000	3.24055e-05	65.000000	3.25296e-05	65.000000	3.24511e-05	65.000000	3.25686e-05	65.000000	1.12521e-08	
70.000000	2.59201e-05	70.000000	3.07648e-05	70.000000	3.06155e-05	70.000000	3.06956e-05	70.000000	3.06494e-05	70.000000	3.07543e-05	70.000000	1.05173e-08	
75.000000	2.45992e-05	75.000000	2.91737e-05	75.000000	2.90481e-05	75.000000	2.90905e-05	75.000000	2.90713e-05	75.000000	2.91638e-05	75.000000	9.87598e-09	
80.000000	2.34297e-05	80.000000	2.77673e-05	80.000000	2.76599e-05	80.000000	2.76738e-05	80.000000	2.76771e-05	80.000000	2.7758e-05	80.000000	9.31122e-09	
85.000000	2.23866e-05	85.000000	2.65151e-05	85.000000	2.64208e-05	85.000000	2.64138e-05	85.000000	2.64357e-05	85.000000	2.65063e-05	85.000000	8.80991e-09	
90.000000	2.145e-05 	90.000000	2.53929e-05	90.000000	2.53139e-05	90.000000	2.52857e-05	90.000000	2.53233e-05	90.000000	2.53846e-05	90.000000	8.3618e-09	
95.000000	2.0604e-05	95.000000	2.43814e-05	95.000000	2.43134e-05	95.000000	2.42698e-05	95.000000	2.43208e-05	95.000000	2.43734e-05	95.000000	7.95874e-09	
100.000000	1.98359e-05	100.000000	2.34648e-05	100.000000	2.34046e-05	100.000000	2.335e-05 	100.000000	2.34124e-05	100.000000	2.34572e-05	100.000000	7.59418e-09	
105.000000	1.91352e-05	105.000000	2.26304e-05	105.000000	2.258e-05 	105.000000	2.25132e-05	105.000000	2.2585e-05	105.000000	2.26231e-05	105.000000	7.26278e-09	
110.000000	1.84931e-05	110.000000	2.18675e-05	110.000000	2.18243e-05	110.000000	2.17485e-05	110.000000	2.18289e-05	110.000000	2.18605e-05	110.000000	6.96018e-09	
115.000000	1.79024e-05	115.000000	2.11672e-05	115.000000	2.11303e-05	115.000000	2.10471e-05	115.000000	2.11343e-05	115.000000	2.11605e-05	115.000000	6.68271e-09	
120.000000	1.73571e-05	120.000000	2.05221e-05	120.000000	2.04913e-05	120.000000	2.04013e-05	120.000000	2.04948e-05	120.000000	2.05156e-05	120.000000	6.42734e-09	
125.000000	1.6852e-05	125.000000	1.99258e-05	125.000000	1.99009e-05	125.000000	1.98047e-05	125.000000	1.99033e-05	125.000000	1.99196e-05	125.000000	6.1915e-09	
130.000000	1.63828e-05	130.000000	1.93731e-05	130.000000	1.93536e-05	130.000000	1.92519e-05	130.000000	1.93553e-05	130.000000	1.93671e-05	130.000000	5.97299e-09	
135.000000	1.59455e-05	135.000000	1.88593e-05	135.000000	1.88432e-05	135.000000	1.87383e-05	135.000000	1.88454e-05	135.000000	1.88535e-05	135.000000	5.76996e-09	
140.000000	1.55371e-05	140.000000	1.83803e-05	140.000000	1.83686e-05	140.000000	1.82598e-05	140.000000	1.83705e-05	140.000000	1.83747e-05	140.000000	5.5808e-09	
145.000000	1.51546e-05	145.000000	1.79328e-05	145.000000	1.79257e-05	145.000000	1.78128e-05	145.000000	1.79264e-05	145.000000	1.79274e-05	145.000000	5.4041e-09	
150.000000	1.47956e-05	150.000000	1.75138e-05	150.000000	1.75098e-05	150.000000	1.73945e-05	150.000000	1.75107e-05	150.000000	1.75085e-05	150.000000	5.23867e-09	
155.000000	1.42892e-05	155.000000	1.71205e-05	155.000000	1.71194e-05	155.000000	1.70021e-05	155.000000	1.71205e-05	155.000000	1.71154e-05	155.000000	5.08345e-09	
160.000000	1.39928e-05	160.000000	1.67507e-05	160.000000	1.67526e-05	160.000000	1.66333e-05	160.000000	1.67536e-05	160.000000	1.67458e-05	160.000000	4.9375e-09	
165.000000	1.37132e-05	165.000000	1.64024e-05	165.000000	1.64071e-05	165.000000	1.6286e-05	165.000000	1.64081e-05	165.000000	1.63976e-05	165.000000	4.80001e-09	
170.000000	1.34489e-05	170.000000	1.60737e-05	170.000000	1.60811e-05	170.000000	1.59584e-05	170.000000	1.60819e-05	170.000000	1.6069e-05	170.000000	4.67026e-09	
175.000000	1.31989e-05	175.000000	1.5763e-05	175.000000	1.57731e-05	175.000000	1.56488e-05	175.000000	1.57737e-05	175.000000	1.57584e-05	175.000000	4.54761e-09	
180.000000	1.29618e-05	180.000000	1.54688e-05	180.000000	1.54815e-05	180.000000	1.53559e-05	180.000000	1.54819e-05	180.000000	1.54644e-05	180.000000	4.43147e-09	
185.000000	1.27368e-05	185.000000	1.51899e-05	185.000000	1.52053e-05	185.000000	1.50783e-05	185.000000	1.52052e-05	185.000000	1.51856e-05	185.000000	4.32133e-09	
190.000000	1.25229e-05	190.000000	1.49251e-05	190.000000	1.49431e-05	190.000000	1.48149e-05	190.000000	1.49427e-05	190.000000	1.49209e-05	190.000000	4.21675e-09	
195.000000	1.23192e-05	195.000000	1.46734e-05	195.000000	1.46933e-05	195.000000	1.45646e-05	195.000000	1.46931e-05	195.000000	1.46693e-05	195.000000	4.11729e-09	
200.000000	1.21252e-05	200.000000	1.44338e-05	200.000000	1.44552e-05	200.000000	1.43264e-05	200.000000	1.44555e-05	200.000000	1.44298e-05	200.000000	4.0226e-09	
210.000000	1.17632e-05	210.000000	1.39877e-05	210.000000	1.40135e-05	210.000000	1.38832e-05	210.000000	1.40134e-05	210.000000	1.39839e-05	210.000000	3.84616e-09	
220.000000	1.14322e-05	220.000000	1.35808e-05	220.000000	1.36099e-05	220.000000	1.34794e-05	220.000000	1.361e-05 	220.000000	1.35771e-05	220.000000	3.6851e-09	
230.000000	1.11285e-05	230.000000	1.32082e-05	230.000000	1.3241e-05	230.000000	1.31098e-05	230.000000	1.3241e-05	230.000000	1.32046e-05	230.000000	3.53745e-09	
240.000000	1.08486e-05	240.000000	1.28657e-05	240.000000	1.29022e-05	240.000000	1.27705e-05	240.000000	1.29019e-05	240.000000	1.28623e-05	240.000000	3.4016e-09	
250.000000	1.059e-05 	250.000000	1.25498e-05	250.000000	1.25895e-05	250.000000	1.24579e-05	250.000000	1.25894e-05	250.000000	1.25466e-05	250.000000	3.27616e-09	
260.000000	1.03503e-05	260.000000	1.22577e-05	260.000000	1.23003e-05	260.000000	1.21689e-05	260.000000	1.23004e-05	260.000000	1.22545e-05	260.000000	3.15997e-09	
270.000000	1.01275e-05	270.000000	1.19867e-05	270.000000	1.20323e-05	270.000000	1.19012e-05	270.000000	1.20326e-05	270.000000	1.19836e-05	270.000000	3.05203e-09	
280.000000	9.91977e-06	280.000000	1.17346e-05	280.000000	1.17833e-05	280.000000	1.16524e-05	280.000000	1.17835e-05	280.000000	1.17317e-05	280.000000	2.95148e-09	
290.000000	9.72575e-06	290.000000	1.14996e-05	290.000000	1.15512e-05	290.000000	1.14206e-05	290.000000	1.15516e-05	290.000000	1.14968e-05	290.000000	2.85758e-09	
300.000000	9.54411e-06	300.000000	1.128e-05 	300.000000	1.13346e-05	300.000000	1.12042e-05	300.000000	1.13348e-05	300.000000	1.12773e-05	300.000000	2.76968e-09	
310.000000	9.37369e-06	310.000000	1.10744e-05	310.000000	1.11319e-05	310.000000	1.10018e-05	310.000000	1.11321e-05	310.000000	1.10717e-05	310.000000	2.68721e-09	
320.000000	9.2135e-06	320.000000	1.08815e-05	320.000000	1.09418e-05	320.000000	1.0812e-05	320.000000	1.0942e-05	320.000000	1.08789e-05	320.000000	2.60969e-09	
330.000000	9.06265e-06	330.000000	1.07001e-05	330.000000	1.07633e-05	330.000000	1.06339e-05	330.000000	1.07634e-05	330.000000	1.06976e-05	330.000000	2.53668e-09	
340.000000	8.92036e-06	340.000000	1.05293e-05	340.000000	1.05954e-05	340.000000	1.04662e-05	340.000000	1.05955e-05	340.000000	1.05269e-05	340.000000	2.46779e-09	
350.000000	8.78593e-06	350.000000	1.03683e-05	350.000000	1.04371e-05	350.000000	1.03083e-05	350.000000	1.04371e-05	350.000000	1.03659e-05	350.000000	2.40267e-09	
360.000000	8.65875e-06	360.000000	1.02162e-05	360.000000	1.02878e-05	360.000000	1.01592e-05	360.000000	1.02876e-05	360.000000	1.02138e-05	360.000000	2.34102e-09	
370.000000	8.53824e-06	370.000000	1.00723e-05	370.000000	1.01467e-05	370.000000	1.00184e-05	370.000000	1.01464e-05	370.000000	1.007e-05 	370.000000	2.28257e-09	
380.000000	8.42391e-06	380.000000	9.93595e-06	380.000000	1.00126e-05	380.000000	9.88507e-06	380.000000	1.00126e-05	380.000000	9.93373e-06	380.000000	2.22706e-09	
390.000000	8.3153e-06	390.000000	9.80668e-06	390.000000	9.88545e-06	390.000000	9.75875e-06	390.000000	9.88584e-06	390.000000	9.80451e-06	390.000000	2.17429e-09	
400.000000	8.21202e-06	400.000000	9.68392e-06	400.000000	9.76519e-06	400.000000	9.63892e-06	400.000000	9.76564e-06	400.000000	9.6818e-06	400.000000	2.12405e-09	
410.000000	8.11368e-06	410.000000	9.56723e-06	410.000000	9.65119e-06	410.000000	9.5251e-06	410.000000	9.65135e-06	410.000000	9.56515e-06	410.000000	2.07617e-09	
420.000000	8.01996e-06	420.000000	9.45617e-06	420.000000	9.5427e-06	420.000000	9.41688e-06	420.000000	9.54269e-06	420.000000	9.45414e-06	420.000000	2.03047e-09	
430.000000	7.93054e-06	430.000000	9.35036e-06	430.000000	9.43941e-06	430.000000	9.31387e-06	430.000000	9.43929e-06	430.000000	9.34837e-06	430.000000	1.98681e-09	
440.000000	7.84516e-06	440.000000	9.24946e-06	440.000000	9.34109e-06	440.000000	9.21572e-06	440.000000	9.34073e-06	440.000000	9.24752e-06	440.000000	1.94505e-09	
450.000000	7.76355e-06	450.000000	9.15316e-06	450.000000	9.24722e-06	450.000000	9.12212e-06	450.000000	9.24669e-06	450.000000	9.15125e-06	450.000000	1.90508e-09	
460.000000	7.68547e-06	460.000000	9.06115e-06	460.000000	9.15729e-06	460.000000	9.03277e-06	460.000000	9.15695e-06	460.000000	9.05929e-06	460.000000	1.86677e-09	
470.000000	7.61072e-06	470.000000	8.97318e-06	470.000000	9.07122e-06	470.000000	8.94741e-06	470.000000	9.07124e-06	470.000000	8.97135e-06	470.000000	1.83003e-09	
480.000000	7.5391e-06	480.000000	8.889e-06 	480.000000	8.98913e-06	480.000000	8.86579e-06	480.000000	8.9892e-06	480.000000	8.88721e-06	480.000000	1.79476e-09	
490.000000	7.47043e-06	490.000000	8.80838e-06	490.000000	8.91084e-06	490.000000	8.78769e-06	490.000000	8.9107e-06	490.000000	8.80662e-06	490.000000	1.76087e-09	
500.000000	7.40454e-06	500.000000	8.73112e-06	500.000000	8.83583e-06	500.000000	8.71289e-06	500.000000	8.83555e-06	500.000000	8.72939e-06	500.000000	1.72828e-09	
520.000000	7.28047e-06	520.000000	8.58592e-06	520.000000	8.69432e-06	520.000000	8.57248e-06	520.000000	8.69441e-06	520.000000	8.58425e-06	520.000000	1.66672e-09	
540.000000	7.16581e-06	540.000000	8.45202e-06	540.000000	8.56436e-06	540.000000	8.44319e-06	540.000000	8.56441e-06	540.000000	8.45041e-06	540.000000	1.60954e-09	
560.000000	7.05958e-06	560.000000	8.32824e-06	560.000000	8.44457e-06	560.000000	8.32383e-06	560.000000	8.4444e-06	560.000000	8.32669e-06	560.000000	1.55628e-09	
580.000000	6.96097e-06	580.000000	8.21358e-06	580.000000	8.33314e-06	580.000000	8.21339e-06	580.000000	8.33328e-06	580.000000	8.21207e-06	580.000000	1.50655e-09	
600.000000	6.86925e-06	600.000000	8.10713e-06	600.000000	8.23019e-06	600.000000	8.11098e-06	600.000000	8.2303e-06	600.000000	8.10567e-06	600.000000	1.46001e-09	
620.000000	6.78378e-06	620.000000	8.00814e-06	620.000000	8.13474e-06	620.000000	8.01584e-06	620.000000	8.13452e-06	620.000000	8.00672e-06	620.000000	1.41635e-09	
640.000000	6.70402e-06	640.000000	7.91591e-06	640.000000	8.04541e-06	640.000000	7.92728e-06	640.000000	8.0454e-06	640.000000	7.91453e-06	640.000000	1.37532e-09	
660.000000	6.62946e-06	660.000000	7.82985e-06	660.000000	7.96214e-06	660.000000	7.8447e-06	660.000000	7.96229e-06	660.000000	7.82851e-06	660.000000	1.33668e-09	
680.000000	6.55968e-06	680.000000	7.74942e-06	680.000000	7.88474e-06	680.000000	7.76759e-06	680.000000	7.88463e-06	680.000000	7.74812e-06	680.000000	1.30022e-09	
700.000000	6.49429e-06	700.000000	7.67417e-06	700.000000	7.81232e-06	700.000000	7.69546e-06	700.000000	7.81202e-06	700.000000	7.6729e-06	700.000000	1.26576e-09	
720.000000	6.43294e-06	720.000000	7.60366e-06	720.000000	7.74418e-06	720.000000	7.62791e-06	720.000000	7.74398e-06	720.000000	7.60243e-06	720.000000	1.23315e-09	
740.000000	6.37532e-06	740.000000	7.53753e-06	740.000000	7.68013e-06	740.000000	7.56456e-06	740.000000	7.68015e-06	740.000000	7.53633e-06	740.000000	1.20223e-09	
760.000000	6.32115e-06	760.000000	7.47543e-06	760.000000	7.61999e-06	760.000000	7.50507e-06	760.000000	7.62025e-06	760.000000	7.47426e-06	760.000000	1.17288e-09	
780.000000	6.27019e-06	780.000000	7.41707e-06	780.000000	7.56358e-06	780.000000	7.44915e-06	780.000000	7.56389e-06	780.000000	7.41593e-06	780.000000	1.14497e-09	
800.000000	6.2222e-06	800.000000	7.36217e-06	800.000000	7.51068e-06	800.000000	7.39653e-06	800.000000	7.51084e-06	800.000000	7.36105e-06	800.000000	1.11841e-09	
820.000000	6.17697e-06	820.000000	7.31048e-06	820.000000	7.46093e-06	820.000000	7.34696e-06	820.000000	7.4609e-06	820.000000	7.30938e-06	820.000000	1.09309e-09	
840.000000	6.13433e-06	840.000000	7.26178e-06	840.000000	7.41395e-06	840.000000	7.30022e-06	840.000000	7.41378e-06	840.000000	7.26071e-06	840.000000	1.06893e-09	
860.000000	6.09411e-06	860.000000	7.21586e-06	860.000000	7.36945e-06	860.000000	7.25611e-06	860.000000	7.36929e-06	860.000000	7.21482e-06	860.000000	1.04585e-09	
880.000000	6.05613e-06	880.000000	7.17255e-06	880.000000	7.32731e-06	880.000000	7.21444e-06	880.000000	7.32728e-06	880.000000	7.17152e-06	880.000000	1.02378e-09	
900.000000	6.02028e-06	900.000000	7.13167e-06	900.000000	7.28744e-06	900.000000	7.17506e-06	900.000000	7.28759e-06	900.000000	7.13066e-06	900.000000	1.00265e-09	
920.000000	5.98641e-06	920.000000	7.09306e-06	920.000000	7.24974e-06	920.000000	7.13781e-06	920.000000	7.24998e-06	920.000000	7.09208e-06	920.000000	9.82411e-10	
940.000000	5.9544e-06	940.000000	7.05658e-06	940.000000	7.21409e-06	940.000000	7.10254e-06	940.000000	7.2144e-06	940.000000	7.05562e-06	940.000000	9.62997e-10	
960.000000	5.92416e-06	960.000000	7.02211e-06	960.000000	7.18041e-06	960.000000	7.06913e-06	960.000000	7.1807e-06	960.000000	7.02117e-06	960.000000	9.44362e-10	
980.000000	5.89556e-06	980.000000	6.98953e-06	980.000000	7.14858e-06	980.000000	7.03747e-06	980.000000	7.14876e-06	980.000000	6.9886e-06	980.000000	9.26458e-10	
1000.000000	5.86853e-06	1000.000000	6.95871e-06	1000.000000	7.11843e-06	1000.000000	7.00744e-06	1000.000000	7.11843e-06	1000.000000	6.95781e-06	1000.000000	9.09244e-10	
1020.000000	5.84297e-06	1020.000000	6.92957e-06	1020.000000	7.0898e-06	1020.000000	6.97895e-06	1020.000000	7.08966e-06	1020.000000	6.92868e-06	1020.000000	8.92679e-10	
1040.000000	5.81881e-06	1040.000000	6.90201e-06	1040.000000	7.06255e-06	1040.000000	6.9519e-06	1040.000000	7.06236e-06	1040.000000	6.90113e-06	1040.000000	8.76727e-10	
1060.000000	5.79597e-06	1060.000000	6.87593e-06	1060.000000	7.03659e-06	1060.000000	6.9262e-06	1060.000000	7.03643e-06	1060.000000	6.87507e-06	1060.000000	8.61354e-10	
1080.000000	5.77438e-06	1080.000000	6.85126e-06	1080.000000	7.01188e-06	1080.000000	6.90179e-06	1080.000000	7.01176e-06	1080.000000	6.85041e-06	1080.000000	8.46529e-10	
1100.000000	5.75398e-06	1100.000000	6.82793e-06	1100.000000	6.98835e-06	1100.000000	6.87859e-06	1100.000000	6.98831e-06	1100.000000	6.82709e-06	1100.000000	8.32223e-10	
1120.000000	5.73471e-06	1120.000000	6.80585e-06	1120.000000	6.96597e-06	1120.000000	6.85652e-06	1120.000000	6.96602e-06	1120.000000	6.80504e-06	1120.000000	8.18409e-10	
1140.000000	5.71651e-06	1140.000000	6.78498e-06	1140.000000	6.94467e-06	1140.000000	6.83553e-06	1140.000000	6.94482e-06	1140.000000	6.78417e-06	1140.000000	8.05061e-10	
1160.000000	5.69933e-06	1160.000000	6.76524e-06	1160.000000	6.92443e-06	1160.000000	6.81555e-06	1160.000000	6.92463e-06	1160.000000	6.76445e-06	1160.000000	7.92156e-10	
1180.000000	5.68313e-06	1180.000000	6.74658e-06	1180.000000	6.90519e-06	1180.000000	6.79654e-06	1180.000000	6.9054e-06	1180.000000	6.7458e-06	1180.000000	7.79672e-10	
1200.000000	5.66785e-06	1200.000000	6.72895e-06	1200.000000	6.8869e-06	1200.000000	6.77844e-06	1200.000000	6.88709e-06	1200.000000	6.72819e-06	1200.000000	7.67589e-10	
1220.000000	5.65346e-06	1220.000000	6.7123e-06	1220.000000	6.86953e-06	1220.000000	6.7612e-06	1220.000000	6.86967e-06	1220.000000	6.71155e-06	1220.000000	7.55887e-10	
1240.000000	5.63991e-06	1240.000000	6.69658e-06	1240.000000	6.85302e-06	1240.000000	6.74478e-06	1240.000000	6.85307e-06	1240.000000	6.69584e-06	1240.000000	7.44549e-10	
1260.000000	5.62716e-06	1260.000000	6.68175e-06	1260.000000	6.8373e-06	1260.000000	6.72914e-06	1260.000000	6.83725e-06	1260.000000	6.68101e-06	1260.000000	7.33557e-10	
1280.000000	5.61519e-06	1280.000000	6.66776e-06	1280.000000	6.82232e-06	1280.000000	6.71424e-06	1280.000000	6.82216e-06	1280.000000	6.66704e-06	1280.000000	7.22896e-10	
1300.000000	5.60396e-06	1300.000000	6.65458e-06	1300.000000	6.80803e-06	1300.000000	6.70004e-06	1300.000000	6.80778e-06	1300.000000	6.65387e-06	1300.000000	7.1255e-10	
1320.000000	5.59343e-06	1320.000000	6.64218e-06	1320.000000	6.79438e-06	1320.000000	6.68651e-06	1320.000000	6.79409e-06	1320.000000	6.64148e-06	1320.000000	7.02507e-10	
1340.000000	5.58359e-06	1340.000000	6.63051e-06	1340.000000	6.78134e-06	1340.000000	6.67361e-06	1340.000000	6.78104e-06	1340.000000	6.62982e-06	1340.000000	6.92752e-10	
1360.000000	5.57439e-06	1360.000000	6.61955e-06	1360.000000	6.76887e-06	1360.000000	6.66132e-06	1360.000000	6.76859e-06	1360.000000	6.61887e-06	1360.000000	6.83273e-10	
1380.000000	5.56581e-06	1380.000000	6.60926e-06	1380.000000	6.75698e-06	1380.000000	6.64961e-06	1380.000000	6.75671e-06	1380.000000	6.60859e-06	1380.000000	6.74059e-10	
1400.000000	5.55784e-06	1400.000000	6.59963e-06	1400.000000	6.74562e-06	1400.000000	6.63844e-06	1400.000000	6.74539e-06	1400.000000	6.59896e-06	1400.000000	6.65098e-10	
1420.000000	5.55044e-06	1420.000000	6.59061e-06	1420.000000	6.7348e-06	1420.000000	6.6278e-06	1420.000000	6.7346e-06	1420.000000	6.58995e-06	1420.000000	6.56381e-10	
1440.000000	5.54359e-06	1440.000000	6.58219e-06	1440.000000	6.72447e-06	1440.000000	6.61765e-06	1440.000000	6.72433e-06	1440.000000	6.58154e-06	1440.000000	6.47896e-10	
1460.000000	5.53728e-06	1460.000000	6.57434e-06	1460.000000	6.71464e-06	1460.000000	6.60799e-06	1460.000000	6.71454e-06	1460.000000	6.5737e-06	1460.000000	6.39636e-10	
1480.000000	5.53148e-06	1480.000000	6.56703e-06	1480.000000	6.70527e-06	1480.000000	6.59878e-06	1480.000000	6.70519e-06	1480.000000	6.5664e-06	1480.000000	6.3159e-10	
1500.000000	5.52617e-06	1500.000000	6.56026e-06	1500.000000	6.69635e-06	1500.000000	6.59001e-06	1500.000000	6.69628e-06	1500.000000	6.55963e-06	1500.000000	6.23751e-10	
1520.000000	5.52134e-06	1520.000000	6.55399e-06	1520.000000	6.68785e-06	1520.000000	6.58165e-06	1520.000000	6.6878e-06	1520.000000	6.55337e-06	1520.000000	6.16111e-10	
1540.000000	5.51697e-06	1540.000000	6.5482e-06	1540.000000	6.67976e-06	1540.000000	6.57369e-06	1540.000000	6.67972e-06	1540.000000	6.54759e-06	1540.000000	6.08662e-10	
1560.000000	5.51304e-06	1560.000000	6.54289e-06	1560.000000	6.67206e-06	1560.000000	6.56612e-06	1560.000000	6.67203e-06	1560.000000	6.54228e-06	1560.000000	6.01397e-10	
1580.000000	5.50953e-06	1580.000000	6.53802e-06	1580.000000	6.66472e-06	1580.000000	6.55891e-06	1580.000000	6.66471e-06	1580.000000	6.53743e-06	1580.000000	5.94309e-10	
1600.000000	5.50644e-06	1600.000000	6.53359e-06	1600.000000	6.65774e-06	1600.000000	6.55205e-06	1600.000000	6.65774e-06	1600.000000	6.533e-06 	1600.000000	5.87391e-10	
1620.000000	5.50374e-06	1620.000000	6.52957e-06	1620.000000	6.6511e-06	1620.000000	6.54553e-06	1620.000000	6.65109e-06	1620.000000	6.52899e-06	1620.000000	5.80639e-10	
1640.000000	5.50144e-06	1640.000000	6.52596e-06	1640.000000	6.64478e-06	1640.000000	6.53932e-06	1640.000000	6.64478e-06	1640.000000	6.52539e-06	1640.000000	5.74044e-10	
1660.000000	5.4995e-06	1660.000000	6.52274e-06	1660.000000	6.63877e-06	1660.000000	6.53343e-06	1660.000000	6.63878e-06	1660.000000	6.52217e-06	1660.000000	5.67603e-10	
1680.000000	5.49792e-06	1680.000000	6.51989e-06	1680.000000	6.63306e-06	1680.000000	6.52783e-06	1680.000000	6.63308e-06	1680.000000	6.51933e-06	1680.000000	5.6131e-10	
1700.000000	5.49669e-06	1700.000000	6.51741e-06	1700.000000	6.62763e-06	1700.000000	6.52252e-06	1700.000000	6.62767e-06	1700.000000	6.51685e-06	1700.000000	5.55159e-10	
1750.000000	5.49507e-06	1750.000000	6.51269e-06	1750.000000	6.61525e-06	1750.000000	6.5104e-06	1750.000000	6.61532e-06	1750.000000	6.51215e-06	1750.000000	5.40376e-10	
1800.000000	5.49541e-06	1800.000000	6.50998e-06	1800.000000	6.60441e-06	1800.000000	6.49983e-06	1800.000000	6.60451e-06	1800.000000	6.50945e-06	1800.000000	5.26383e-10	
1850.000000	5.49754e-06	1850.000000	6.50911e-06	1850.000000	6.59498e-06	1850.000000	6.49065e-06	1850.000000	6.59513e-06	1850.000000	6.5086e-06	1850.000000	5.13121e-10	
1900.000000	5.50136e-06	1900.000000	6.50993e-06	1900.000000	6.58684e-06	1900.000000	6.48275e-06	1900.000000	6.58702e-06	1900.000000	6.50943e-06	1900.000000	5.00531e-10	
1950.000000	5.50673e-06	1950.000000	6.51233e-06	1950.000000	6.57988e-06	1950.000000	6.476e-06 	1950.000000	6.58007e-06	1950.000000	6.51184e-06	1950.000000	4.88563e-10	
2000.000000	5.51356e-06	2000.000000	6.51617e-06	2000.000000	6.57399e-06	2000.000000	6.4703e-06	2000.000000	6.5742e-06	2000.000000	6.51569e-06	2000.000000	4.77173e-10	
2100.000000	5.53122e-06	2100.000000	6.5278e-06	2100.000000	6.56511e-06	2100.000000	6.4617e-06	2100.000000	6.56526e-06	2100.000000	6.52734e-06	2100.000000	4.55962e-10	
2200.000000	5.55366e-06	2200.000000	6.54408e-06	2200.000000	6.55953e-06	2200.000000	6.45631e-06	2200.000000	6.55958e-06	2200.000000	6.54364e-06	2200.000000	4.36613e-10	
2300.000000	5.58034e-06	2300.000000	6.5644e-06	2300.000000	6.55668e-06	2300.000000	6.45362e-06	2300.000000	6.5566e-06	2300.000000	6.56398e-06	2300.000000	4.18887e-10	
2400.000000	5.61079e-06	2400.000000	6.58827e-06	2400.000000	6.55608e-06	2400.000000	6.45321e-06	2400.000000	6.55595e-06	2400.000000	6.58786e-06	2400.000000	4.02587e-10	
2500.000000	5.64463e-06	2500.000000	6.61524e-06	2500.000000	6.55739e-06	2500.000000	6.45472e-06	2500.000000	6.55723e-06	2500.000000	6.61485e-06	2500.000000	3.87546e-10	
2600.000000	5.68152e-06	2600.000000	6.64497e-06	2600.000000	6.56032e-06	2600.000000	6.45787e-06	2600.000000	6.56017e-06	2600.000000	6.64459e-06	2600.000000	3.73622e-10	
2700.000000	5.72117e-06	2700.000000	6.67713e-06	2700.000000	6.56465e-06	2700.000000	6.4624e-06	2700.000000	6.56451e-06	2700.000000	6.67677e-06	2700.000000	3.60694e-10	
2800.000000	5.76333e-06	2800.000000	6.71148e-06	2800.000000	6.57017e-06	2800.000000	6.46813e-06	2800.000000	6.57006e-06	2800.000000	6.71113e-06	2800.000000	3.48657e-10	
2900.000000	5.8078e-06	2900.000000	6.74776e-06	2900.000000	6.57672e-06	2900.000000	6.47486e-06	2900.000000	6.57662e-06	2900.000000	6.74743e-06	2900.000000	3.37422e-10	
3000.000000	5.85438e-06	3000.000000	6.7858e-06	3000.000000	6.58416e-06	3000.000000	6.48246e-06	3000.000000	6.58407e-06	3000.000000	6.78547e-06	3000.000000	3.2691e-10	
3200.000000	5.95326e-06	3200.000000	6.86645e-06	3200.000000	6.60119e-06	3200.000000	6.49977e-06	3200.000000	6.6011e-06	3200.000000	6.86614e-06	3200.000000	3.0779e-10	
3400.000000	6.05889e-06	3400.000000	6.95227e-06	3400.000000	6.62043e-06	3400.000000	6.51924e-06	3400.000000	6.62033e-06	3400.000000	6.95198e-06	3400.000000	2.90845e-10	
3600.000000	6.17042e-06	3600.000000	7.04237e-06	3600.000000	6.64127e-06	3600.000000	6.54028e-06	3600.000000	6.64116e-06	3600.000000	7.0421e-06	3600.000000	2.7572e-10	
3800.000000	6.28716e-06	3800.000000	7.13606e-06	3800.000000	6.66325e-06	3800.000000	6.56244e-06	3800.000000	6.66312e-06	3800.000000	7.1358e-06	3800.000000	2.62134e-10	
4000.000000	6.40857e-06	4000.000000	7.23276e-06	4000.000000	6.68603e-06	4000.000000	6.58537e-06	4000.000000	6.68587e-06	4000.000000	7.23251e-06	4000.000000	2.49862e-10	
4200.000000	6.5342e-06	4200.000000	7.33202e-06	4200.000000	6.70933e-06	4200.000000	6.60882e-06	4200.000000	6.70917e-06	4200.000000	7.33179e-06	4200.000000	2.3872e-10	
4400.000000	6.66369e-06	4400.000000	7.43347e-06	4400.000000	6.73296e-06	4400.000000	6.63259e-06	4400.000000	6.73279e-06	4400.000000	7.43325e-06	4400.000000	2.28557e-10	
4600.000000	6.79672e-06	4600.000000	7.53681e-06	4600.000000	6.75675e-06	4600.000000	6.65652e-06	4600.000000	6.75659e-06	4600.000000	7.53659e-06	4600.000000	2.19248e-10	
4800.000000	6.93304e-06	4800.000000	7.64176e-06	4800.000000	6.78059e-06	4800.000000	6.6805e-06	4800.000000	6.78044e-06	4800.000000	7.64155e-06	4800.000000	2.1069e-10	
5000.000000	7.07244e-06	5000.000000	7.74813e-06	5000.000000	6.80438e-06	5000.000000	6.70444e-06	5000.000000	6.80425e-06	5000.000000	7.74793e-06	5000.000000	2.02794e-10	
5250.000000	7.25073e-06	5250.000000	7.8828e-06	5250.000000	6.83396e-06	5250.000000	6.73418e-06	5250.000000	6.83386e-06	5250.000000	7.8826e-06	5250.000000	1.93741e-10	
5500.000000	7.43323e-06	5500.000000	8.0191e-06	5500.000000	6.86325e-06	5500.000000	6.76364e-06	5500.000000	6.86319e-06	5500.000000	8.01891e-06	5500.000000	1.85485e-10	
6000.000000	7.80991e-06	6000.000000	8.29565e-06	6000.000000	6.92074e-06	6000.000000	6.82142e-06	6000.000000	6.92072e-06	6000.000000	8.29548e-06	6000.000000	1.70972e-10	
6500.000000	8.2009e-06	6500.000000	8.5763e-06	6500.000000	6.97649e-06	6500.000000	6.87742e-06	6500.000000	6.9765e-06	6500.000000	8.57614e-06	6500.000000	1.58621e-10	
7000.000000	8.60505e-06	7000.000000	8.85999e-06	7000.000000	7.0302e-06	7000.000000	6.93147e-06	7000.000000	7.03033e-06	7000.000000	8.85984e-06	7000.000000	1.4798e-10	
7500.000000	9.02155e-06	7500.000000	9.14597e-06	7500.000000	7.0821e-06	7500.000000	6.98353e-06	7500.000000	7.08219e-06	7500.000000	9.14583e-06	7500.000000	1.38713e-10	
8000.000000	9.44974e-06	8000.000000	9.43366e-06	8000.000000	7.13208e-06	8000.000000	7.03363e-06	8000.000000	7.13208e-06	8000.000000	9.43353e-06	8000.000000	1.30569e-10	
8500.000000	9.88915e-06	8500.000000	9.72265e-06	8500.000000	7.18015e-06	8500.000000	7.08183e-06	8500.000000	7.18007e-06	8500.000000	9.72253e-06	8500.000000	1.23352e-10	
9000.000000	1.03394e-05	9000.000000	1.00126e-05	9000.000000	7.22638e-06	9000.000000	7.1282e-06	9000.000000	7.22625e-06	9000.000000	1.00125e-05	9000.000000	1.16913e-10	
9500.000000	1.08002e-05	9500.000000	1.03033e-05	9500.000000	7.27085e-06	9500.000000	7.17285e-06	9500.000000	7.27069e-06	9500.000000	1.03032e-05	9500.000000	1.1113e-10	
10000.000000	1.12713e-05	10000.000000	1.05945e-05	10000.000000	7.31365e-06	10000.000000	7.21586e-06	10000.000000	7.31349e-06	10000.000000	1.05944e-05	10000.000000	1.05907e-10	
11000.000000	1.22436e-05	11000.000000	1.1178e-05	11000.000000	7.39466e-06	11000.000000	7.29732e-06	11000.000000	7.39453e-06	11000.000000	1.11779e-05	11000.000000	9.68429e-11	
12000.000000	1.32553e-05	12000.000000	1.17621e-05	12000.000000	7.47016e-06	12000.000000	7.37329e-06	12000.000000	7.47005e-06	12000.000000	1.1762e-05	12000.000000	8.92444e-11	
13000.000000	1.43056e-05	13000.000000	1.23463e-05	13000.000000	7.54073e-06	13000.000000	7.44437e-06	13000.000000	7.54066e-06	13000.000000	1.23463e-05	13000.000000	8.27801e-11	
14000.000000	1.53939e-05	14000.000000	1.29303e-05	14000.000000	7.60692e-06	14000.000000	7.5111e-06	14000.000000	7.6069e-06	14000.000000	1.29302e-05	14000.000000	7.72117e-11	
15000.000000	1.65199e-05	15000.000000	1.35136e-05	15000.000000	7.6692e-06	15000.000000	7.57396e-06	15000.000000	7.66923e-06	15000.000000	1.35136e-05	15000.000000	7.23635e-11	
16000.000000	1.76835e-05	16000.000000	1.40963e-05	16000.000000	7.72798e-06	16000.000000	7.63333e-06	16000.000000	7.72806e-06	16000.000000	1.40963e-05	16000.000000	6.81033e-11	
17000.000000	1.88845e-05	17000.000000	1.46782e-05	17000.000000	7.78362e-06	17000.000000	7.68958e-06	17000.000000	7.78372e-06	17000.000000	1.46781e-05	17000.000000	6.43292e-11	
18000.000000	2.01228e-05	18000.000000	1.52591e-05	18000.000000	7.83644e-06	18000.000000	7.74298e-06	18000.000000	7.83654e-06	18000.000000	1.52591e-05	18000.000000	6.0962e-11	
19000.000000	2.13984e-05	19000.000000	1.58392e-05	19000.000000	7.88669e-06	19000.000000	7.79382e-06	19000.000000	7.88674e-06	19000.000000	1.58391e-05	19000.000000	5.79387e-11	
20000.000000	2.27113e-05	20000.000000	1.64183e-05	20000.000000	7.93463e-06	20000.000000	7.84232e-06	20000.000000	7.93457e-06	20000.000000	1.64182e-05	20000.000000	5.52086e-11	
21000.000000	2.40616e-05	21000.000000	1.69964e-05	21000.000000	7.98038e-06	21000.000000	7.88867e-06	21000.000000	7.98025e-06	21000.000000	1.69963e-05	21000.000000	5.27308e-11	
22000.000000	2.54493e-05	22000.000000	1.75735e-05	22000.000000	8.02399e-06	22000.000000	7.93306e-06	22000.000000	8.02391e-06	22000.000000	1.75734e-05	22000.000000	5.04715e-11	
23000.000000	2.68747e-05	23000.000000	1.81496e-05	23000.000000	8.06582e-06	23000.000000	7.97564e-06	23000.000000	8.06576e-06	23000.000000	1.81496e-05	23000.000000	4.84029e-11	
24000.000000	2.83376e-05	24000.000000	1.87248e-05	24000.000000	8.10598e-06	24000.000000	8.01655e-06	24000.000000	8.10588e-06	24000.000000	1.87248e-05	24000.000000	4.65015e-11	
25000.000000	2.98384e-05	25000.000000	1.92991e-05	25000.000000	8.14451e-06	25000.000000	8.05591e-06	25000.000000	8.14446e-06	25000.000000	1.92991e-05	25000.000000	4.47477e-11	
26000.000000	3.13772e-05	26000.000000	1.98724e-05	26000.000000	8.18156e-06	26000.000000	8.09384e-06	26000.000000	8.18154e-06	26000.000000	1.98724e-05	26000.000000	4.31248e-11	
27000.000000	3.2954e-05	27000.000000	2.04448e-05	27000.000000	8.21727e-06	27000.000000	8.13043e-06	27000.000000	8.21729e-06	27000.000000	2.04448e-05	27000.000000	4.16185e-11	
28000.000000	3.4569e-05	28000.000000	2.10164e-05	28000.000000	8.25175e-06	28000.000000	8.16577e-06	28000.000000	8.25173e-06	28000.000000	2.10163e-05	28000.000000	4.02166e-11	
29000.000000	3.62225e-05	29000.000000	2.1587e-05	29000.000000	8.2851e-06	29000.000000	8.19995e-06	29000.000000	8.285e-06 	29000.000000	2.1587e-05	29000.000000	3.89086e-11	
30000.000000	3.79145e-05	30000.000000	2.21568e-05	30000.000000	8.31735e-06	30000.000000	8.23303e-06	30000.000000	8.31714e-06	30000.000000	2.21567e-05	30000.000000	3.76852e-11	
32000.000000	4.1415e-05	32000.000000	2.32938e-05	32000.000000	8.37871e-06	32000.000000	8.29618e-06	32000.000000	8.37835e-06	32000.000000	2.32938e-05	32000.000000	3.54611e-11	
34000.000000	4.5072e-05	34000.000000	2.44277e-05	34000.000000	8.43617e-06	34000.000000	8.35569e-06	34000.000000	8.43579e-06	34000.000000	2.44277e-05	34000.000000	3.34912e-11	
36000.000000	4.88871e-05	36000.000000	2.55585e-05	36000.000000	8.49019e-06	36000.000000	8.41195e-06	36000.000000	8.48987e-06	36000.000000	2.55585e-05	36000.000000	3.17338e-11	
38000.000000	5.28617e-05	38000.000000	2.66863e-05	38000.000000	8.54118e-06	38000.000000	8.4653e-06	38000.000000	8.54096e-06	38000.000000	2.66863e-05	38000.000000	3.01562e-11	
40000.000000	5.69975e-05	40000.000000	2.78114e-05	40000.000000	8.58947e-06	40000.000000	8.51602e-06	40000.000000	8.58931e-06	40000.000000	2.78114e-05	40000.000000	2.87319e-11	
42000.000000	6.12962e-05	42000.000000	2.89338e-05	42000.000000	8.63535e-06	42000.000000	8.56436e-06	42000.000000	8.63517e-06	42000.000000	2.89337e-05	42000.000000	2.74393e-11	
44000.000000	6.57595e-05	44000.000000	3.00536e-05	44000.000000	8.67906e-06	44000.000000	8.61052e-06	44000.000000	8.67881e-06	44000.000000	3.00536e-05	44000.000000	2.62608e-11	
46000.000000	7.0389e-05	46000.000000	3.11709e-05	46000.000000	8.72082e-06	46000.000000	8.6547e-06	46000.000000	8.72029e-06	46000.000000	3.11709e-05	46000.000000	2.51819e-11	
48000.000000	7.51866e-05	48000.000000	3.22859e-05	48000.000000	8.76075e-06	48000.000000	8.69706e-06	48000.000000	8.75993e-06	48000.000000	3.22859e-05	48000.000000	2.41904e-11	
50000.000000	8.01539e-05	50000.000000	3.33986e-05	50000.000000	8.79885e-06	50000.000000	8.73774e-06	50000.000000	8.79775e-06	50000.000000	3.33986e-05	50000.000000	2.32759e-11	
