! 30S energy loss (dE/dX) in He
! apply ZOOM for details
Energy (MeV/u)1	0 - [He-base] F.Hubert et al, AD&ND Tables 46(1990)1	Energy (MeV/u)2	1 - [H -base] J.F.Ziegler et al,Pergamon Press,NY(low energy)	Energy (MeV/u)3	2 - ATIMA 1.2 LS-theory (recommended for high energy)	Energy (MeV/u)4	3 - ATIMA 1.2 without LS-correction	Energy (MeV/u)5	4 - ATIMA 1.4 H.Weick, improved mean charge formula for HI	Energy (MeV/u)6	5 - electrical component of [1] - J.F.Ziegler et al	Energy (MeV/u)7	6 - nuclear component of [1] - J.F.Ziegler et al	
0.001000	4.49214   	0.001000	4.8498    	0.001000	4.81862   	0.001000	4.81862   	0.001000	4.81892   	0.001000	1.29416   	0.001000	3.55564   	
0.002000	4.55745   	0.002000	4.5437    	0.002000	4.65146   	0.002000	4.65146   	0.002000	4.65166   	0.002000	1.67832   	0.002000	2.86538   	
0.005000	4.82698   	0.005000	4.24703   	0.005000	4.70454   	0.005000	4.70454   	0.005000	4.70465   	0.005000	2.36647   	0.005000	1.88056   	
0.008000	5.15501   	0.008000	4.2641    	0.008000	5.01358   	0.008000	5.01358   	0.008000	5.01366   	0.008000	2.82258   	0.008000	1.44152   	
0.010000	5.3713    	0.010000	4.32719   	0.010000	5.25193   	0.010000	5.25193   	0.010000	5.25199   	0.010000	3.06894   	0.010000	1.25825   	
0.015000	6.09972   	0.015000	4.54216   	0.015000	5.86048   	0.015000	5.86048   	0.015000	5.86052   	0.015000	3.57291   	0.015000	0.969251  	
0.020000	6.76363   	0.020000	4.77767   	0.020000	6.44564   	0.020000	6.44564   	0.020000	6.44568   	0.020000	3.97992   	0.020000	0.797749  	
0.025000	7.54388   	0.025000	5.04672   	0.025000	6.99806   	0.025000	6.99806   	0.025000	6.99809   	0.025000	4.36411   	0.025000	0.682614  	
0.030000	8.2444    	0.030000	5.98882   	0.030000	7.67092   	0.030000	7.67092   	0.030000	7.67095   	0.030000	5.39498   	0.030000	0.593842  	
0.035000	8.86219   	0.035000	6.90983   	0.035000	8.35247   	0.035000	8.35247   	0.035000	8.35249   	0.035000	6.37877   	0.035000	0.531052  	
0.040000	9.40519   	0.040000	7.77844   	0.040000	9.03205   	0.040000	9.03205   	0.040000	9.03208   	0.040000	7.29706   	0.040000	0.48138   	
0.045000	9.85577   	0.045000	8.59064   	0.045000	9.70665   	0.045000	9.70665   	0.045000	9.70667   	0.045000	8.14965   	0.045000	0.440994  	
0.050000	10.2069   	0.050000	9.36365   	0.050000	10.3739   	0.050000	10.3739   	0.050000	10.3739   	0.050000	8.95621   	0.050000	0.407442  	
0.055000	10.7825   	0.055000	10.122    	0.055000	11.0318   	0.055000	11.0318   	0.055000	11.0318   	0.055000	9.74295   	0.055000	0.379075  	
0.060000	11.2996   	0.060000	10.8493   	0.060000	11.6788   	0.060000	11.6788   	0.060000	11.6788   	0.060000	10.4946   	0.060000	0.354744  	
0.070000	12.1651   	0.070000	12.231    	0.070000	12.9343   	0.070000	12.9343   	0.070000	12.9344   	0.070000	11.9159   	0.070000	0.315089  	
0.080000	13.0864   	0.080000	13.5304   	0.080000	14.1318   	0.080000	14.1318   	0.080000	14.1318   	0.080000	13.2463   	0.080000	0.284057  	
0.090000	13.864    	0.090000	14.7516   	0.090000	15.2649   	0.090000	15.2649   	0.090000	15.2649   	0.090000	14.4925   	0.090000	0.259046  	
0.100000	14.5113   	0.100000	15.8936   	0.100000	16.3297   	0.100000	16.3297   	0.100000	16.3297   	0.100000	15.6551   	0.100000	0.238415  	
0.120000	15.1841   	0.120000	17.882    	0.120000	18.2478   	0.120000	18.2478   	0.120000	18.2478   	0.120000	17.6758   	0.120000	0.206284  	
0.140000	15.6893   	0.140000	19.5558   	0.140000	19.8866   	0.140000	19.8866   	0.140000	19.8866   	0.140000	19.3735   	0.140000	0.182326  	
0.160000	16.1355   	0.160000	20.9789   	0.160000	21.2628   	0.160000	21.2628   	0.160000	21.2629   	0.160000	20.8152   	0.160000	0.163712  	
0.180000	16.5734   	0.180000	22.1884   	0.180000	22.4025   	0.180000	22.4025   	0.180000	22.4025   	0.180000	22.0396   	0.180000	0.148797  	
0.200000	17.1177   	0.200000	23.219    	0.200000	23.3355   	0.200000	23.3355   	0.200000	23.3355   	0.200000	23.0824   	0.200000	0.136554  	
0.250000	18.1722   	0.250000	25.9271   	0.250000	24.9566   	0.250000	24.9566   	0.250000	24.9566   	0.250000	25.8134   	0.250000	0.113711  	
0.300000	19.0583   	0.300000	27.7919   	0.300000	25.873    	0.300000	25.873    	0.300000	25.873    	0.300000	27.6941   	0.300000	0.0978011 	
0.350000	19.7997   	0.350000	29.0469   	0.350000	26.3676   	0.350000	26.3676   	0.350000	26.3676   	0.350000	28.9608   	0.350000	0.086034  	
0.400000	20.8254   	0.400000	30.444    	0.400000	26.69     	0.400000	26.69     	0.400000	26.6901   	0.400000	30.3671   	0.400000	0.0769507 	
0.450000	21.6556   	0.450000	31.5932   	0.450000	27.5739   	0.450000	27.5739   	0.450000	27.5739   	0.450000	31.5235   	0.450000	0.0697107 	
0.500000	22.3203   	0.500000	32.4281   	0.500000	28.2221   	0.500000	28.2221   	0.500000	28.2221   	0.500000	32.3643   	0.500000	0.0637943 	
0.600000	22.478    	0.600000	33.4321   	0.600000	29.0536   	0.600000	29.0536   	0.600000	29.0536   	0.600000	33.3774   	0.600000	0.0546829 	
0.700000	21.8534   	0.700000	33.2904   	0.700000	28.9502   	0.700000	28.9502   	0.700000	28.9502   	0.700000	33.2424   	0.700000	0.0479733 	
0.800000	21.9      	0.800000	32.8516   	0.800000	28.6535   	0.800000	28.6535   	0.800000	28.6535   	0.800000	32.8088   	0.800000	0.0428121 	
0.900000	21.8355   	0.900000	32.3122   	0.900000	28.3104   	0.900000	28.3104   	0.900000	28.3105   	0.900000	32.2735   	0.900000	0.0387102 	
1.000000	21.6943   	1.000000	31.7204   	1.000000	27.9401   	1.000000	27.9401   	1.000000	27.9401   	1.000000	31.685    	1.000000	0.0353666 	
1.250000	20.9783   	1.250000	29.9883   	1.250000	26.633    	1.250000	26.633    	1.250000	26.6331   	1.250000	29.9591   	1.250000	0.0291868 	
1.500000	20.1446   	1.500000	28.3125   	1.500000	25.4528   	1.500000	25.4528   	1.500000	25.4528   	1.500000	28.2876   	1.500000	0.0249307 	
1.750000	19.3186   	1.750000	26.803    	1.750000	24.3975   	1.750000	24.3975   	1.750000	24.3975   	1.750000	26.7812   	1.750000	0.0218101 	
2.000000	18.4684   	2.000000	25.3652   	2.000000	23.4347   	2.000000	23.4347   	2.000000	23.4348   	2.000000	25.3458   	2.000000	0.019418  	
2.250000	17.7324   	2.250000	24.1211   	2.250000	22.5476   	2.250000	22.5476   	2.250000	22.5476   	2.250000	24.1036   	2.250000	0.0175224 	
2.500000	19.0766   	2.500000	23.0319   	2.500000	21.7257   	2.500000	21.7257   	2.500000	21.7257   	2.500000	23.016    	2.500000	0.0159811 	
3.000000	17.6349   	3.000000	21.1757   	3.000000	20.2489   	3.000000	20.2489   	3.000000	20.2489   	3.000000	21.1621   	3.000000	0.0136218 	
3.500000	16.3837   	3.500000	19.6341   	3.500000	18.9594   	3.500000	18.9594   	3.500000	18.9594   	3.500000	19.6222   	3.500000	0.0118963 	
4.000000	15.2972   	4.000000	18.317    	4.000000	17.8243   	4.000000	17.8243   	4.000000	17.8244   	4.000000	18.3064   	4.000000	0.0105763 	
4.500000	14.3487   	4.500000	17.1716   	4.500000	16.818    	4.500000	16.818    	4.500000	16.818    	4.500000	17.1621   	4.500000	0.0095322 	
5.000000	13.5151   	5.000000	16.1615   	5.000000	15.92     	5.000000	15.92     	5.000000	15.92     	5.000000	16.1528   	5.000000	0.00868445	
5.500000	12.7776   	5.500000	15.2691   	5.500000	15.1138   	5.500000	15.1138   	5.500000	15.1138   	5.500000	15.2611   	5.500000	0.00798169	
6.000000	12.1206   	6.000000	14.4733   	6.000000	14.386    	6.000000	14.386    	6.000000	14.386    	6.000000	14.4659   	6.000000	0.00738914	
6.500000	11.5319   	6.500000	13.7583   	6.500000	13.7258   	6.500000	13.7258   	6.500000	13.7258   	6.500000	13.7515   	6.500000	0.00688238	
7.000000	11.0014   	7.000000	13.1118   	7.000000	13.1241   	7.000000	13.1241   	7.000000	13.1241   	7.000000	13.1054   	7.000000	0.00644377	
7.500000	10.5208   	7.500000	12.5237   	7.500000	12.5735   	7.500000	12.5735   	7.500000	12.5735   	7.500000	12.5176   	7.500000	0.00606023	
8.000000	10.0833   	8.000000	11.9862   	8.000000	12.0677   	8.000000	12.0677   	8.000000	12.0677   	8.000000	11.9805   	8.000000	0.00572184	
8.500000	9.6834    	8.500000	11.4931   	8.500000	11.6014   	8.500000	11.6014   	8.500000	11.6014   	8.500000	11.4877   	8.500000	0.00542096	
9.000000	9.31635   	9.000000	11.0391   	9.000000	11.1701   	9.000000	11.1701   	9.000000	11.1701   	9.000000	11.034    	9.000000	0.00515159	
9.500000	8.97823   	9.500000	10.6197   	9.500000	10.77     	9.500000	10.77     	9.500000	10.77     	9.500000	10.6148   	9.500000	0.00490894	
10.000000	8.6657    	10.000000	9.80537   	10.000000	10.3978   	10.000000	10.3978   	10.000000	10.3978   	10.000000	9.80068   	10.000000	0.00468917	
11.000000	8.10649   	11.000000	9.26141   	11.000000	9.69914   	11.000000	9.73301   	11.000000	9.73403   	11.000000	9.25711   	11.000000	0.00430625	
12.000000	7.62046   	12.000000	8.7741    	12.000000	9.09238   	12.000000	9.15103   	12.000000	9.15081   	12.000000	8.77011   	12.000000	0.00398369	
13.000000	7.19396   	13.000000	8.33573   	13.000000	8.56086   	13.000000	8.63771   	13.000000	8.63488   	13.000000	8.33202   	13.000000	0.00370807	
14.000000	6.81652   	14.000000	7.9397    	14.000000	8.09173   	14.000000	8.1819    	14.000000	8.17568   	14.000000	7.93623   	14.000000	0.0034697 	
15.000000	6.48002   	15.000000	7.58045   	15.000000	7.67494   	15.000000	7.77476   	15.000000	7.76477   	15.000000	7.57719   	15.000000	0.00326141	
16.000000	6.17804   	16.000000	7.25325   	16.000000	7.30257   	16.000000	7.40915   	16.000000	7.39531   	16.000000	7.25017   	16.000000	0.00307776	
17.000000	5.90545   	17.000000	6.95411   	17.000000	6.96813   	17.000000	7.07929   	17.000000	7.06168   	17.000000	6.9512    	17.000000	0.00291456	
18.000000	5.65809   	18.000000	6.67966   	18.000000	6.66622   	18.000000	6.78039   	18.000000	6.75898   	18.000000	6.67689   	18.000000	0.00276854	
19.000000	5.43257   	19.000000	6.42702   	19.000000	6.3925    	19.000000	6.50852   	19.000000	6.48363   	19.000000	6.42438   	19.000000	0.00263707	
20.000000	5.22606   	20.000000	6.19373   	20.000000	6.14344   	20.000000	6.26036   	20.000000	6.23238   	20.000000	6.19121   	20.000000	0.00251805	
21.000000	5.03623   	21.000000	5.97768   	21.000000	5.9161    	21.000000	6.03312   	21.000000	6.00206   	21.000000	5.97527   	21.000000	0.00240977	
22.000000	4.86109   	22.000000	5.77705   	22.000000	5.70798   	22.000000	5.82443   	22.000000	5.7908    	22.000000	5.77473   	22.000000	0.00231082	
23.000000	4.69898   	23.000000	5.59026   	23.000000	5.51692   	23.000000	5.63228   	23.000000	5.59625   	23.000000	5.58804   	23.000000	0.00222003	
24.000000	4.54847   	24.000000	5.41594   	24.000000	5.34105   	24.000000	5.45492   	24.000000	5.41684   	24.000000	5.4138    	24.000000	0.0021364 	
25.000000	4.40835   	25.000000	5.25289   	25.000000	5.17876   	25.000000	5.29084   	25.000000	5.25096   	25.000000	5.25083   	25.000000	0.00205912	
27.000000	4.15515   	27.000000	4.95654   	27.000000	4.88962   	27.000000	4.99749   	27.000000	4.95478   	27.000000	4.95462   	27.000000	0.00192086	
29.000000	3.93249   	29.000000	4.69418   	29.000000	4.64032   	29.000000	4.74359   	29.000000	4.69897   	29.000000	4.69238   	29.000000	0.00180072	
31.000000	3.73507   	31.000000	4.46031   	31.000000	4.41653   	31.000000	4.51022   	31.000000	4.46668   	31.000000	4.45861   	31.000000	0.00169531	
33.000000	3.55877   	33.000000	4.25054   	33.000000	4.21023   	33.000000	4.29121   	33.000000	4.25116   	33.000000	4.24893   	33.000000	0.00160205	
35.000000	3.40031   	35.000000	4.06133   	35.000000	4.02392   	35.000000	4.09446   	35.000000	4.05777   	35.000000	4.05981   	35.000000	0.00151892	
38.000000	3.19049   	38.000000	3.80994   	38.000000	3.77639   	38.000000	3.83415   	38.000000	3.80219   	38.000000	3.80853   	38.000000	0.00140983	
41.000000	3.00815   	41.000000	3.59078   	41.000000	3.56073   	41.000000	3.60823   	41.000000	3.58057   	41.000000	3.58947   	41.000000	0.00131595	
44.000000	2.84815   	44.000000	3.39805   	44.000000	3.37096   	44.000000	3.41028   	44.000000	3.38649   	44.000000	3.39681   	44.000000	0.00123426	
47.000000	2.70655   	47.000000	3.22722   	47.000000	3.20307   	47.000000	3.23537   	47.000000	3.21508   	47.000000	3.22606   	47.000000	0.0011625 	
50.000000	2.58029   	50.000000	3.07476   	50.000000	3.05298   	50.000000	3.0797    	50.000000	3.06254   	50.000000	3.07366   	50.000000	0.00109895	
55.000000	2.39765   	55.000000	2.85409   	55.000000	2.83561   	55.000000	2.85503   	55.000000	2.84231   	55.000000	2.85308   	55.000000	0.00100772	
60.000000	2.24274   	60.000000	2.66692   	60.000000	2.65115   	60.000000	2.66506   	60.000000	2.656     	60.000000	2.66599   	60.000000	0.000930999	
65.000000	2.1096    	65.000000	2.50614   	65.000000	2.49273   	65.000000	2.50228   	65.000000	2.49623   	65.000000	2.50527   	65.000000	0.000865547	
70.000000	1.99385   	70.000000	2.36652   	70.000000	2.35504   	70.000000	2.3612    	70.000000	2.35765   	70.000000	2.36572   	70.000000	0.000809021	
75.000000	1.89224   	75.000000	2.24413   	75.000000	2.23447   	75.000000	2.23773   	75.000000	2.23625   	75.000000	2.24337   	75.000000	0.000759691	
80.000000	1.80229   	80.000000	2.13595   	80.000000	2.12768   	80.000000	2.12875   	80.000000	2.12901   	80.000000	2.13523   	80.000000	0.000716248	
85.000000	1.72205   	85.000000	2.03963   	85.000000	2.03237   	85.000000	2.03183   	85.000000	2.03352   	85.000000	2.03895   	85.000000	0.000677686	
90.000000	1.65      	90.000000	1.9533    	90.000000	1.94722   	90.000000	1.94505   	90.000000	1.94794   	90.000000	1.95266   	90.000000	0.000643215	
95.000000	1.58493   	95.000000	1.87549   	95.000000	1.87026   	95.000000	1.86691   	95.000000	1.87083   	95.000000	1.87488   	95.000000	0.000612211	
100.000000	1.52584   	100.000000	1.80499   	100.000000	1.80035   	100.000000	1.79615   	100.000000	1.80095   	100.000000	1.8044    	100.000000	0.000584167	
105.000000	1.47194   	105.000000	1.7408    	105.000000	1.73692   	105.000000	1.73178   	105.000000	1.73731   	105.000000	1.74024   	105.000000	0.000558676	
110.000000	1.42255   	110.000000	1.68211   	110.000000	1.67879   	110.000000	1.67296   	110.000000	1.67915   	110.000000	1.68158   	110.000000	0.000535398	
115.000000	1.37711   	115.000000	1.62824   	115.000000	1.62541   	115.000000	1.61901   	115.000000	1.62572   	115.000000	1.62773   	115.000000	0.000514055	
120.000000	1.33516   	120.000000	1.57862   	120.000000	1.57625   	120.000000	1.56933   	120.000000	1.57652   	120.000000	1.57813   	120.000000	0.000494411	
125.000000	1.29631   	125.000000	1.53276   	125.000000	1.53084   	125.000000	1.52344   	125.000000	1.53103   	125.000000	1.53228   	125.000000	0.000476269	
130.000000	1.26021   	130.000000	1.49024   	130.000000	1.48874   	130.000000	1.48092   	130.000000	1.48887   	130.000000	1.48978   	130.000000	0.000459461	
135.000000	1.22658   	135.000000	1.45071   	135.000000	1.44948   	135.000000	1.44141   	135.000000	1.44965   	135.000000	1.45027   	135.000000	0.000443843	
140.000000	1.19516   	140.000000	1.41387   	140.000000	1.41297   	140.000000	1.4046    	140.000000	1.41312   	140.000000	1.41344   	140.000000	0.000429292	
145.000000	1.16574   	145.000000	1.37945   	145.000000	1.3789    	145.000000	1.37022   	145.000000	1.37895   	145.000000	1.37903   	145.000000	0.0004157 	
150.000000	1.13812   	150.000000	1.34721   	150.000000	1.3469    	150.000000	1.33804   	150.000000	1.34698   	150.000000	1.34681   	150.000000	0.000402975	
155.000000	1.09917   	155.000000	1.31696   	155.000000	1.31688   	155.000000	1.30785   	155.000000	1.31696   	155.000000	1.31657   	155.000000	0.000391034	
160.000000	1.07637   	160.000000	1.28852   	160.000000	1.28866   	160.000000	1.27948   	160.000000	1.28874   	160.000000	1.28814   	160.000000	0.000379808	
165.000000	1.05486   	165.000000	1.26172   	165.000000	1.26208   	165.000000	1.25277   	165.000000	1.26217   	165.000000	1.26135   	165.000000	0.000369232	
170.000000	1.03453   	170.000000	1.23644   	170.000000	1.23701   	170.000000	1.22757   	170.000000	1.23707   	170.000000	1.23608   	170.000000	0.000359251	
175.000000	1.0153    	175.000000	1.21254   	175.000000	1.21331   	175.000000	1.20376   	175.000000	1.21336   	175.000000	1.21219   	175.000000	0.000349816	
180.000000	0.997063  	180.000000	1.18991   	180.000000	1.19088   	180.000000	1.18122   	180.000000	1.19092   	180.000000	1.18957   	180.000000	0.000340882	
185.000000	0.979753  	185.000000	1.16846   	185.000000	1.16963   	185.000000	1.15987   	185.000000	1.16963   	185.000000	1.16812   	185.000000	0.00033241	
190.000000	0.963297  	190.000000	1.14809   	190.000000	1.14947   	190.000000	1.13961   	190.000000	1.14944   	190.000000	1.14776   	190.000000	0.000324365	
195.000000	0.947634  	195.000000	1.12873   	195.000000	1.13025   	195.000000	1.12035   	195.000000	1.13024   	195.000000	1.12841   	195.000000	0.000316715	
200.000000	0.932707  	200.000000	1.1103    	200.000000	1.11193   	200.000000	1.10203   	200.000000	1.11196   	200.000000	1.10999   	200.000000	0.000309431	
210.000000	0.904862  	210.000000	1.07598   	210.000000	1.07796   	210.000000	1.06794   	210.000000	1.07795   	210.000000	1.07568   	210.000000	0.000295859	
220.000000	0.879403  	220.000000	1.04468   	220.000000	1.04691   	220.000000	1.03687   	220.000000	1.04693   	220.000000	1.04439   	220.000000	0.000283469	
230.000000	0.856036  	230.000000	1.01601   	230.000000	1.01854   	230.000000	1.00845   	230.000000	1.01854   	230.000000	1.01574   	230.000000	0.000272112	
240.000000	0.834511  	240.000000	0.989668  	240.000000	0.992481  	240.000000	0.982346  	240.000000	0.992452  	240.000000	0.989406  	240.000000	0.000261661	
250.000000	0.814618  	250.000000	0.965373  	250.000000	0.968423  	250.000000	0.958298  	250.000000	0.968414  	250.000000	0.965121  	250.000000	0.000252012	
260.000000	0.796177  	260.000000	0.9429    	260.000000	0.94618   	260.000000	0.936072  	260.000000	0.946185  	260.000000	0.942657  	260.000000	0.000243074	
270.000000	0.779035  	270.000000	0.922053  	270.000000	0.925564  	270.000000	0.915475  	270.000000	0.925582  	270.000000	0.921819  	270.000000	0.000234771	
280.000000	0.763059  	280.000000	0.902664  	280.000000	0.906405  	280.000000	0.896335  	280.000000	0.906424  	280.000000	0.902437  	280.000000	0.000227037	
290.000000	0.748135  	290.000000	0.884587  	290.000000	0.888556  	290.000000	0.878507  	290.000000	0.888584  	290.000000	0.884367  	290.000000	0.000219813	
300.000000	0.734162  	300.000000	0.867695  	300.000000	0.87189   	300.000000	0.861863  	300.000000	0.871911  	300.000000	0.867482  	300.000000	0.000213052	
310.000000	0.721053  	310.000000	0.851877  	310.000000	0.856297  	310.000000	0.846292  	310.000000	0.856318  	310.000000	0.851671  	310.000000	0.000206709	
320.000000	0.708731  	320.000000	0.837036  	320.000000	0.841678  	320.000000	0.831696  	320.000000	0.841694  	320.000000	0.836835  	320.000000	0.000200746	
330.000000	0.697127  	330.000000	0.823086  	330.000000	0.827948  	330.000000	0.817989  	330.000000	0.827956  	330.000000	0.82289   	330.000000	0.000195129	
340.000000	0.686182  	340.000000	0.80995   	340.000000	0.81503   	340.000000	0.805095  	340.000000	0.815036  	340.000000	0.80976   	340.000000	0.00018983	
350.000000	0.675841  	350.000000	0.797561  	350.000000	0.802855  	350.000000	0.792945  	350.000000	0.802851  	350.000000	0.797376  	350.000000	0.00018482	
360.000000	0.666057  	360.000000	0.785859  	360.000000	0.791373  	360.000000	0.781479  	360.000000	0.791353  	360.000000	0.785679  	360.000000	0.000180078	
370.000000	0.656787  	370.000000	0.774789  	370.000000	0.780516  	370.000000	0.770644  	370.000000	0.78049   	370.000000	0.774614  	370.000000	0.000175582	
380.000000	0.647993  	380.000000	0.764304  	380.000000	0.770202  	380.000000	0.76039   	380.000000	0.770198  	380.000000	0.764133  	380.000000	0.000171313	
390.000000	0.639639  	390.000000	0.75436   	390.000000	0.760419  	390.000000	0.750673  	390.000000	0.760449  	390.000000	0.754193  	390.000000	0.000167253	
400.000000	0.631694  	400.000000	0.744917  	400.000000	0.751168  	400.000000	0.741455  	400.000000	0.751203  	400.000000	0.744754  	400.000000	0.000163389	
410.000000	0.624129  	410.000000	0.73594   	410.000000	0.742399  	410.000000	0.7327    	410.000000	0.742411  	410.000000	0.735781  	410.000000	0.000159705	
420.000000	0.61692   	420.000000	0.727397  	420.000000	0.734054  	420.000000	0.724375  	420.000000	0.734053  	420.000000	0.727241  	420.000000	0.00015619	
430.000000	0.610042  	430.000000	0.719259  	430.000000	0.726109  	430.000000	0.716451  	430.000000	0.7261    	430.000000	0.719106  	430.000000	0.000152831	
440.000000	0.603474  	440.000000	0.711497  	440.000000	0.718545  	440.000000	0.708901  	440.000000	0.718518  	440.000000	0.711348  	440.000000	0.00014962	
450.000000	0.597196  	450.000000	0.704089  	450.000000	0.711324  	450.000000	0.701701  	450.000000	0.711284  	450.000000	0.703943  	450.000000	0.000146545	
460.000000	0.59119   	460.000000	0.697012  	460.000000	0.704407  	460.000000	0.694828  	460.000000	0.704381  	460.000000	0.696868  	460.000000	0.000143598	
470.000000	0.58544   	470.000000	0.690245  	470.000000	0.697786  	470.000000	0.688262  	470.000000	0.697788  	470.000000	0.690104  	470.000000	0.000140772	
480.000000	0.579931  	480.000000	0.683769  	480.000000	0.691471  	480.000000	0.681984  	480.000000	0.691477  	480.000000	0.683631  	480.000000	0.000138059	
490.000000	0.574648  	490.000000	0.677568  	490.000000	0.685449  	490.000000	0.675976  	490.000000	0.685439  	490.000000	0.677433  	490.000000	0.000135452	
500.000000	0.56958   	500.000000	0.671625  	500.000000	0.679679  	500.000000	0.670223  	500.000000	0.679657  	500.000000	0.671492  	500.000000	0.000132945	
520.000000	0.560036  	520.000000	0.660455  	520.000000	0.668794  	520.000000	0.659422  	520.000000	0.668801  	520.000000	0.660327  	520.000000	0.000128209	
540.000000	0.551216  	540.000000	0.650155  	540.000000	0.658797  	540.000000	0.649476  	540.000000	0.6588    	540.000000	0.650031  	540.000000	0.00012381	
560.000000	0.543045  	560.000000	0.640634  	560.000000	0.649582  	560.000000	0.640295  	560.000000	0.649569  	560.000000	0.640514  	560.000000	0.000119714	
580.000000	0.535459  	580.000000	0.631814  	580.000000	0.641011  	580.000000	0.631799  	580.000000	0.641022  	580.000000	0.631698  	580.000000	0.000115888	
600.000000	0.528403  	600.000000	0.623626  	600.000000	0.633091  	600.000000	0.623922  	600.000000	0.6331    	600.000000	0.623513  	600.000000	0.000112308	
620.000000	0.521829  	620.000000	0.61601   	620.000000	0.625749  	620.000000	0.616603  	620.000000	0.625732  	620.000000	0.615901  	620.000000	0.00010895	
640.000000	0.515693  	640.000000	0.608916  	640.000000	0.618878  	640.000000	0.609791  	640.000000	0.618877  	640.000000	0.60881   	640.000000	0.000105794	
660.000000	0.509959  	660.000000	0.602296  	660.000000	0.612472  	660.000000	0.603439  	660.000000	0.612484  	660.000000	0.602193  	660.000000	0.000102821	
680.000000	0.504591  	680.000000	0.596109  	680.000000	0.606519  	680.000000	0.597507  	680.000000	0.60651   	680.000000	0.596009  	680.000000	0.000100017	
700.000000	0.499561  	700.000000	0.590321  	700.000000	0.600947  	700.000000	0.591958  	700.000000	0.600925  	700.000000	0.590223  	700.000000	9.73665e-05	
720.000000	0.494841  	720.000000	0.584897  	720.000000	0.595706  	720.000000	0.586762  	720.000000	0.59569   	720.000000	0.584802  	720.000000	9.48577e-05	
740.000000	0.490409  	740.000000	0.57981   	740.000000	0.590779  	740.000000	0.581889  	740.000000	0.590781  	740.000000	0.579718  	740.000000	9.24793e-05	
760.000000	0.486243  	760.000000	0.575033  	760.000000	0.586153  	760.000000	0.577313  	760.000000	0.586173  	760.000000	0.574943  	760.000000	9.02213e-05	
780.000000	0.482322  	780.000000	0.570544  	780.000000	0.581814  	780.000000	0.573012  	780.000000	0.581838  	780.000000	0.570456  	780.000000	8.80746e-05	
800.000000	0.47863   	800.000000	0.566321  	800.000000	0.577745  	800.000000	0.568964  	800.000000	0.577757  	800.000000	0.566235  	800.000000	8.60312e-05	
820.000000	0.475152  	820.000000	0.562344  	820.000000	0.573918  	820.000000	0.565151  	820.000000	0.573915  	820.000000	0.56226   	820.000000	8.40836e-05	
840.000000	0.471872  	840.000000	0.558598  	840.000000	0.570304  	840.000000	0.561555  	840.000000	0.570291  	840.000000	0.558516  	840.000000	8.22252e-05	
860.000000	0.468777  	860.000000	0.555066  	860.000000	0.566881  	860.000000	0.558162  	860.000000	0.566868  	860.000000	0.554986  	860.000000	8.04499e-05	
880.000000	0.465857  	880.000000	0.551735  	880.000000	0.56364   	880.000000	0.554957  	880.000000	0.563637  	880.000000	0.551656  	880.000000	7.87523e-05	
900.000000	0.463098  	900.000000	0.54859   	900.000000	0.560573  	900.000000	0.551928  	900.000000	0.560584  	900.000000	0.548513  	900.000000	7.71272e-05	
920.000000	0.460493  	920.000000	0.54562   	920.000000	0.557672  	920.000000	0.549062  	920.000000	0.557691  	920.000000	0.545544  	920.000000	7.55701e-05	
940.000000	0.458031  	940.000000	0.542814  	940.000000	0.55493   	940.000000	0.546349  	940.000000	0.554954  	940.000000	0.54274   	940.000000	7.40767e-05	
960.000000	0.455704  	960.000000	0.540163  	960.000000	0.552339  	960.000000	0.543779  	960.000000	0.552361  	960.000000	0.54009   	960.000000	7.26432e-05	
980.000000	0.453505  	980.000000	0.537656  	980.000000	0.549891  	980.000000	0.541344  	980.000000	0.549905  	980.000000	0.537585  	980.000000	7.1266e-05	
1000.000000	0.451425  	1000.000000	0.535286  	1000.000000	0.547572  	1000.000000	0.539034  	1000.000000	0.547572  	1000.000000	0.535216  	1000.000000	6.99418e-05	
1020.000000	0.44946   	1020.000000	0.533044  	1020.000000	0.545369  	1020.000000	0.536842  	1020.000000	0.545359  	1020.000000	0.532975  	1020.000000	6.86676e-05	
1040.000000	0.447601  	1040.000000	0.530924  	1040.000000	0.543273  	1040.000000	0.534761  	1040.000000	0.543258  	1040.000000	0.530856  	1040.000000	6.74405e-05	
1060.000000	0.445844  	1060.000000	0.528918  	1060.000000	0.541276  	1060.000000	0.532785  	1060.000000	0.541264  	1060.000000	0.528851  	1060.000000	6.6258e-05	
1080.000000	0.444183  	1080.000000	0.52702   	1080.000000	0.539375  	1080.000000	0.530907  	1080.000000	0.539366  	1080.000000	0.526955  	1080.000000	6.51176e-05	
1100.000000	0.442614  	1100.000000	0.525225  	1100.000000	0.537565  	1100.000000	0.529122  	1100.000000	0.537562  	1100.000000	0.525161  	1100.000000	6.40172e-05	
1120.000000	0.441132  	1120.000000	0.523527  	1120.000000	0.535844  	1120.000000	0.527424  	1120.000000	0.535847  	1120.000000	0.523464  	1120.000000	6.29545e-05	
1140.000000	0.439732  	1140.000000	0.521921  	1140.000000	0.534206  	1140.000000	0.52581   	1140.000000	0.534217  	1140.000000	0.52186   	1140.000000	6.19278e-05	
1160.000000	0.43841   	1160.000000	0.520403  	1160.000000	0.532648  	1160.000000	0.524273  	1160.000000	0.532664  	1160.000000	0.520342  	1160.000000	6.09351e-05	
1180.000000	0.437164  	1180.000000	0.518968  	1180.000000	0.531168  	1180.000000	0.522811  	1180.000000	0.531184  	1180.000000	0.518908  	1180.000000	5.99748e-05	
1200.000000	0.435988  	1200.000000	0.517612  	1200.000000	0.529762  	1200.000000	0.521418  	1200.000000	0.529776  	1200.000000	0.517553  	1200.000000	5.90453e-05	
1220.000000	0.434881  	1220.000000	0.516331  	1220.000000	0.528426  	1220.000000	0.520093  	1220.000000	0.528436  	1220.000000	0.516273  	1220.000000	5.81452e-05	
1240.000000	0.433839  	1240.000000	0.515122  	1240.000000	0.527156  	1240.000000	0.51883   	1240.000000	0.52716   	1240.000000	0.515064  	1240.000000	5.7273e-05	
1260.000000	0.432859  	1260.000000	0.513981  	1260.000000	0.525946  	1260.000000	0.517627  	1260.000000	0.525942  	1260.000000	0.513924  	1260.000000	5.64275e-05	
1280.000000	0.431938  	1280.000000	0.512905  	1280.000000	0.524794  	1280.000000	0.51648   	1280.000000	0.524781  	1280.000000	0.512849  	1280.000000	5.56074e-05	
1300.000000	0.431074  	1300.000000	0.511891  	1300.000000	0.523695  	1300.000000	0.515388  	1300.000000	0.523676  	1300.000000	0.511836  	1300.000000	5.48116e-05	
1320.000000	0.430264  	1320.000000	0.510937  	1320.000000	0.522645  	1320.000000	0.514347  	1320.000000	0.522622  	1320.000000	0.510883  	1320.000000	5.4039e-05	
1340.000000	0.429507  	1340.000000	0.510039  	1340.000000	0.521641  	1340.000000	0.513355  	1340.000000	0.521618  	1340.000000	0.509986  	1340.000000	5.32886e-05	
1360.000000	0.428799  	1360.000000	0.509196  	1360.000000	0.520683  	1360.000000	0.512409  	1360.000000	0.520661  	1360.000000	0.509144  	1360.000000	5.25595e-05	
1380.000000	0.42814   	1380.000000	0.508405  	1380.000000	0.519767  	1380.000000	0.511508  	1380.000000	0.519747  	1380.000000	0.508353  	1380.000000	5.18507e-05	
1400.000000	0.427526  	1400.000000	0.507664  	1400.000000	0.518894  	1400.000000	0.510649  	1400.000000	0.518876  	1400.000000	0.507612  	1400.000000	5.11614e-05	
1420.000000	0.426957  	1420.000000	0.50697   	1420.000000	0.518061  	1420.000000	0.50983   	1420.000000	0.518047  	1420.000000	0.506919  	1420.000000	5.04908e-05	
1440.000000	0.42643   	1440.000000	0.506322  	1440.000000	0.517267  	1440.000000	0.50905   	1440.000000	0.517256  	1440.000000	0.506272  	1440.000000	4.98382e-05	
1460.000000	0.425945  	1460.000000	0.505718  	1460.000000	0.516511  	1460.000000	0.508307  	1460.000000	0.516503  	1460.000000	0.505669  	1460.000000	4.92027e-05	
1480.000000	0.425498  	1480.000000	0.505156  	1480.000000	0.51579   	1480.000000	0.507598  	1480.000000	0.515784  	1480.000000	0.505108  	1480.000000	4.85839e-05	
1500.000000	0.42509   	1500.000000	0.504635  	1500.000000	0.515104  	1500.000000	0.506924  	1500.000000	0.515098  	1500.000000	0.504587  	1500.000000	4.79809e-05	
1520.000000	0.424718  	1520.000000	0.504153  	1520.000000	0.51445   	1520.000000	0.506281  	1520.000000	0.514446  	1520.000000	0.504105  	1520.000000	4.73931e-05	
1540.000000	0.424382  	1540.000000	0.503708  	1540.000000	0.513828  	1540.000000	0.505669  	1540.000000	0.513824  	1540.000000	0.503661  	1540.000000	4.68201e-05	
1560.000000	0.42408   	1560.000000	0.503299  	1560.000000	0.513235  	1560.000000	0.505086  	1560.000000	0.513233  	1560.000000	0.503253  	1560.000000	4.62613e-05	
1580.000000	0.42381   	1580.000000	0.502925  	1580.000000	0.512671  	1580.000000	0.504532  	1580.000000	0.51267   	1580.000000	0.502879  	1580.000000	4.57161e-05	
1600.000000	0.423572  	1600.000000	0.502584  	1600.000000	0.512134  	1600.000000	0.504004  	1600.000000	0.512134  	1600.000000	0.502539  	1600.000000	4.5184e-05	
1620.000000	0.423365  	1620.000000	0.502275  	1620.000000	0.511623  	1620.000000	0.503502  	1620.000000	0.511623  	1620.000000	0.50223   	1620.000000	4.46645e-05	
1640.000000	0.423187  	1640.000000	0.501997  	1640.000000	0.511137  	1640.000000	0.503025  	1640.000000	0.511137  	1640.000000	0.501953  	1640.000000	4.41573e-05	
1660.000000	0.423038  	1660.000000	0.501749  	1660.000000	0.510675  	1660.000000	0.502571  	1660.000000	0.510675  	1660.000000	0.501706  	1660.000000	4.36618e-05	
1680.000000	0.422917  	1680.000000	0.50153   	1680.000000	0.510235  	1680.000000	0.502141  	1680.000000	0.510237  	1680.000000	0.501487  	1680.000000	4.31777e-05	
1700.000000	0.422823  	1700.000000	0.501339  	1700.000000	0.509818  	1700.000000	0.501732  	1700.000000	0.509821  	1700.000000	0.501296  	1700.000000	4.27046e-05	
1750.000000	0.422698  	1750.000000	0.500976  	1750.000000	0.508865  	1750.000000	0.5008    	1750.000000	0.50887   	1750.000000	0.500935  	1750.000000	4.15673e-05	
1800.000000	0.422723  	1800.000000	0.500768  	1800.000000	0.508032  	1800.000000	0.499987  	1800.000000	0.508039  	1800.000000	0.500727  	1800.000000	4.0491e-05	
1850.000000	0.422888  	1850.000000	0.500701  	1850.000000	0.507306  	1850.000000	0.499281  	1850.000000	0.507318  	1850.000000	0.500661  	1850.000000	3.94708e-05	
1900.000000	0.423181  	1900.000000	0.500764  	1900.000000	0.50668   	1900.000000	0.498673  	1900.000000	0.506694  	1900.000000	0.500726  	1900.000000	3.85024e-05	
1950.000000	0.423595  	1950.000000	0.500948  	1950.000000	0.506144  	1950.000000	0.498154  	1950.000000	0.506159  	1950.000000	0.500911  	1950.000000	3.75818e-05	
2000.000000	0.42412   	2000.000000	0.501244  	2000.000000	0.505692  	2000.000000	0.497715  	2000.000000	0.505708  	2000.000000	0.501207  	2000.000000	3.67056e-05	
2100.000000	0.425478  	2100.000000	0.502138  	2100.000000	0.505008  	2100.000000	0.497054  	2100.000000	0.50502   	2100.000000	0.502103  	2100.000000	3.5074e-05	
2200.000000	0.427205  	2200.000000	0.50339   	2200.000000	0.504579  	2200.000000	0.496639  	2200.000000	0.504583  	2200.000000	0.503357  	2200.000000	3.35856e-05	
2300.000000	0.429257  	2300.000000	0.504954  	2300.000000	0.50436   	2300.000000	0.496432  	2300.000000	0.504354  	2300.000000	0.504922  	2300.000000	3.22221e-05	
2400.000000	0.4316    	2400.000000	0.50679   	2400.000000	0.504314  	2400.000000	0.4964    	2400.000000	0.504304  	2400.000000	0.506759  	2400.000000	3.09682e-05	
2500.000000	0.434202  	2500.000000	0.508865  	2500.000000	0.504415  	2500.000000	0.496517  	2500.000000	0.504402  	2500.000000	0.508835  	2500.000000	2.98112e-05	
2600.000000	0.43704   	2600.000000	0.511151  	2600.000000	0.50464   	2600.000000	0.496759  	2600.000000	0.504629  	2600.000000	0.511123  	2600.000000	2.87402e-05	
2700.000000	0.44009   	2700.000000	0.513626  	2700.000000	0.504973  	2700.000000	0.497108  	2700.000000	0.504962  	2700.000000	0.513598  	2700.000000	2.77457e-05	
2800.000000	0.443333  	2800.000000	0.516267  	2800.000000	0.505398  	2800.000000	0.497548  	2800.000000	0.50539   	2800.000000	0.516241  	2800.000000	2.68198e-05	
2900.000000	0.446754  	2900.000000	0.519059  	2900.000000	0.505902  	2900.000000	0.498066  	2900.000000	0.505894  	2900.000000	0.519033  	2900.000000	2.59555e-05	
3000.000000	0.450337  	3000.000000	0.521985  	3000.000000	0.506474  	3000.000000	0.498651  	3000.000000	0.506467  	3000.000000	0.52196   	3000.000000	2.51469e-05	
3200.000000	0.457943  	3200.000000	0.528188  	3200.000000	0.507784  	3200.000000	0.499982  	3200.000000	0.507777  	3200.000000	0.528165  	3200.000000	2.36762e-05	
3400.000000	0.466069  	3400.000000	0.53479   	3400.000000	0.509264  	3400.000000	0.50148   	3400.000000	0.509256  	3400.000000	0.534768  	3400.000000	2.23727e-05	
3600.000000	0.474648  	3600.000000	0.541721  	3600.000000	0.510867  	3600.000000	0.503098  	3600.000000	0.510858  	3600.000000	0.5417    	3600.000000	2.12092e-05	
3800.000000	0.483628  	3800.000000	0.548928  	3800.000000	0.512558  	3800.000000	0.504803  	3800.000000	0.512547  	3800.000000	0.548908  	3800.000000	2.01642e-05	
4000.000000	0.492967  	4000.000000	0.556366  	4000.000000	0.51431   	4000.000000	0.506567  	4000.000000	0.514298  	4000.000000	0.556347  	4000.000000	1.92202e-05	
4200.000000	0.502631  	4200.000000	0.564002  	4200.000000	0.516102  	4200.000000	0.508371  	4200.000000	0.51609   	4200.000000	0.563984  	4200.000000	1.83631e-05	
4400.000000	0.512591  	4400.000000	0.571806  	4400.000000	0.51792   	4400.000000	0.510199  	4400.000000	0.517907  	4400.000000	0.571788  	4400.000000	1.75813e-05	
4600.000000	0.522825  	4600.000000	0.579754  	4600.000000	0.51975   	4600.000000	0.51204   	4600.000000	0.519738  	4600.000000	0.579737  	4600.000000	1.68653e-05	
4800.000000	0.533311  	4800.000000	0.587828  	4800.000000	0.521584  	4800.000000	0.513885  	4800.000000	0.521572  	4800.000000	0.587812  	4800.000000	1.62069e-05	
5000.000000	0.544034  	5000.000000	0.59601   	5000.000000	0.523414  	5000.000000	0.515726  	5000.000000	0.523404  	5000.000000	0.595994  	5000.000000	1.55995e-05	
5250.000000	0.557749  	5250.000000	0.606369  	5250.000000	0.525689  	5250.000000	0.518014  	5250.000000	0.525681  	5250.000000	0.606354  	5250.000000	1.49032e-05	
5500.000000	0.571787  	5500.000000	0.616853  	5500.000000	0.527943  	5500.000000	0.52028   	5500.000000	0.527937  	5500.000000	0.616839  	5500.000000	1.42681e-05	
6000.000000	0.600762  	6000.000000	0.638127  	6000.000000	0.532365  	6000.000000	0.524725  	6000.000000	0.532363  	6000.000000	0.638114  	6000.000000	1.31517e-05	
6500.000000	0.630838  	6500.000000	0.659715  	6500.000000	0.536653  	6500.000000	0.529032  	6500.000000	0.536653  	6500.000000	0.659703  	6500.000000	1.22016e-05	
7000.000000	0.661927  	7000.000000	0.681538  	7000.000000	0.540784  	7000.000000	0.53319   	7000.000000	0.540795  	7000.000000	0.681526  	7000.000000	1.13831e-05	
7500.000000	0.693965  	7500.000000	0.703536  	7500.000000	0.544777  	7500.000000	0.537195  	7500.000000	0.544784  	7500.000000	0.703525  	7500.000000	1.06703e-05	
8000.000000	0.726903  	8000.000000	0.725666  	8000.000000	0.548622  	8000.000000	0.541048  	8000.000000	0.548622  	8000.000000	0.725656  	8000.000000	1.00438e-05	
8500.000000	0.760704  	8500.000000	0.747896  	8500.000000	0.552319  	8500.000000	0.544756  	8500.000000	0.552313  	8500.000000	0.747887  	8500.000000	9.48864e-06	
9000.000000	0.795338  	9000.000000	0.770202  	9000.000000	0.555876  	9000.000000	0.548323  	9000.000000	0.555865  	9000.000000	0.770193  	9000.000000	8.99328e-06	
9500.000000	0.830783  	9500.000000	0.792563  	9500.000000	0.559296  	9500.000000	0.551758  	9500.000000	0.559284  	9500.000000	0.792554  	9500.000000	8.54844e-06	
10000.000000	0.867021  	10000.000000	0.814964  	10000.000000	0.562589  	10000.000000	0.555066  	10000.000000	0.562576  	10000.000000	0.814956  	10000.000000	8.14669e-06	
11000.000000	0.941816  	11000.000000	0.859846  	11000.000000	0.56882   	11000.000000	0.561332  	11000.000000	0.56881   	11000.000000	0.859839  	11000.000000	7.44945e-06	
12000.000000	1.01964   	12000.000000	0.904779  	12000.000000	0.574628  	12000.000000	0.567176  	12000.000000	0.574619  	12000.000000	0.904772  	12000.000000	6.86496e-06	
13000.000000	1.10043   	13000.000000	0.949719  	13000.000000	0.580056  	13000.000000	0.572644  	13000.000000	0.580051  	13000.000000	0.949712  	13000.000000	6.3677e-06	
14000.000000	1.18414   	14000.000000	0.994636  	14000.000000	0.585148  	14000.000000	0.577777  	14000.000000	0.585146  	14000.000000	0.99463   	14000.000000	5.93936e-06	
15000.000000	1.27076   	15000.000000	1.03951   	15000.000000	0.589939  	15000.000000	0.582612  	15000.000000	0.589941  	15000.000000	1.03951   	15000.000000	5.56643e-06	
16000.000000	1.36027   	16000.000000	1.08433   	16000.000000	0.59446   	16000.000000	0.587179  	16000.000000	0.594466  	16000.000000	1.08433   	16000.000000	5.23871e-06	
17000.000000	1.45265   	17000.000000	1.12909   	17000.000000	0.59874   	17000.000000	0.591506  	17000.000000	0.598748  	17000.000000	1.12909   	17000.000000	4.9484e-06	
18000.000000	1.54791   	18000.000000	1.17378   	18000.000000	0.602803  	18000.000000	0.595614  	18000.000000	0.602811  	18000.000000	1.17378   	18000.000000	4.68939e-06	
19000.000000	1.64603   	19000.000000	1.2184    	19000.000000	0.606669  	19000.000000	0.599525  	19000.000000	0.606672  	19000.000000	1.21839   	19000.000000	4.45682e-06	
20000.000000	1.74702   	20000.000000	1.26294   	20000.000000	0.610356  	20000.000000	0.603255  	20000.000000	0.610352  	20000.000000	1.26294   	20000.000000	4.24682e-06	
21000.000000	1.85089   	21000.000000	1.30741   	21000.000000	0.613875  	21000.000000	0.606821  	21000.000000	0.613865  	21000.000000	1.30741   	21000.000000	4.05622e-06	
22000.000000	1.95764   	22000.000000	1.35181   	22000.000000	0.61723   	22000.000000	0.610236  	22000.000000	0.617224  	22000.000000	1.3518    	22000.000000	3.88243e-06	
23000.000000	2.06728   	23000.000000	1.39613   	23000.000000	0.620448  	23000.000000	0.613511  	23000.000000	0.620443  	23000.000000	1.39612   	23000.000000	3.7233e-06	
24000.000000	2.17982   	24000.000000	1.44037   	24000.000000	0.623537  	24000.000000	0.616658  	24000.000000	0.623529  	24000.000000	1.44037   	24000.000000	3.57704e-06	
25000.000000	2.29526   	25000.000000	1.48455   	25000.000000	0.626501  	25000.000000	0.619686  	25000.000000	0.626497  	25000.000000	1.48454   	25000.000000	3.44213e-06	
26000.000000	2.41363   	26000.000000	1.52865   	26000.000000	0.629351  	26000.000000	0.622603  	26000.000000	0.629349  	26000.000000	1.52865   	26000.000000	3.31729e-06	
27000.000000	2.53492   	27000.000000	1.57268   	27000.000000	0.632098  	27000.000000	0.625418  	27000.000000	0.632099  	27000.000000	1.57268   	27000.000000	3.20142e-06	
28000.000000	2.65916   	28000.000000	1.61664   	28000.000000	0.63475   	28000.000000	0.628136  	28000.000000	0.634748  	28000.000000	1.61664   	28000.000000	3.09359e-06	
29000.000000	2.78634   	29000.000000	1.66054   	29000.000000	0.637315  	29000.000000	0.630765  	29000.000000	0.637308  	29000.000000	1.66054   	29000.000000	2.99297e-06	
30000.000000	2.9165    	30000.000000	1.70437   	30000.000000	0.639796  	30000.000000	0.63331   	30000.000000	0.63978   	30000.000000	1.70436   	30000.000000	2.89886e-06	
32000.000000	3.18577   	32000.000000	1.79183   	32000.000000	0.644516  	32000.000000	0.638168  	32000.000000	0.644488  	32000.000000	1.79183   	32000.000000	2.72778e-06	
34000.000000	3.46708   	34000.000000	1.87905   	34000.000000	0.648936  	34000.000000	0.642745  	34000.000000	0.648907  	34000.000000	1.87905   	34000.000000	2.57624e-06	
36000.000000	3.76054   	36000.000000	1.96604   	36000.000000	0.653091  	36000.000000	0.647073  	36000.000000	0.653067  	36000.000000	1.96603   	36000.000000	2.44107e-06	
38000.000000	4.06628   	38000.000000	2.0528    	38000.000000	0.657014  	38000.000000	0.651177  	38000.000000	0.656997  	38000.000000	2.05279   	38000.000000	2.31971e-06	
40000.000000	4.38442   	40000.000000	2.13934   	40000.000000	0.660728  	40000.000000	0.655079  	40000.000000	0.660716  	40000.000000	2.13934   	40000.000000	2.21014e-06	
42000.000000	4.71509   	42000.000000	2.22567   	42000.000000	0.664258  	42000.000000	0.658797  	42000.000000	0.664244  	42000.000000	2.22567   	42000.000000	2.11071e-06	
44000.000000	5.05842   	44000.000000	2.31181   	44000.000000	0.66762   	44000.000000	0.662348  	44000.000000	0.667601  	44000.000000	2.31181   	44000.000000	2.02006e-06	
46000.000000	5.41454   	46000.000000	2.39776   	46000.000000	0.670832  	46000.000000	0.665747  	46000.000000	0.670792  	46000.000000	2.39776   	46000.000000	1.93707e-06	
48000.000000	5.78358   	48000.000000	2.48353   	48000.000000	0.673904  	48000.000000	0.669005  	48000.000000	0.673841  	48000.000000	2.48353   	48000.000000	1.8608e-06	
50000.000000	6.16569   	50000.000000	2.56912   	50000.000000	0.676834  	50000.000000	0.672134  	50000.000000	0.67675   	50000.000000	2.56912   	50000.000000	1.79045e-06	
